7 0.206703 0.564032 0.018365 0.042954
6 0.448326 0.602694 0.010630 0.048111
6 0.407250 0.615579 0.009667 0.053269
6 0.384055 0.615579 0.015464 0.039528
7 0.481669 0.538259 0.021266 0.032648
4 0.914177 0.454926 0.053156 0.144333
4 0.141945 0.550287 0.024161 0.073889
6 0.571552 0.615579 0.021260 0.097935
6 0.594266 0.614718 0.033823 0.089343
8 0.041914 0.682931 0.034797 0.097935
5 0.355542 0.664546 0.087948 0.127148
6 0.501966 0.606125 0.011599 0.068731
7 0.432862 0.454065 0.020297 0.077315
6 0.519846 0.610421 0.014495 0.060139
6 0.534344 0.613005 0.012563 0.068731