6 0.218299 0.613000 0.012568 0.061852
6 0.238115 0.613000 0.013531 0.065296
6 0.505349 0.607847 0.016427 0.058417
6 0.492299 0.613861 0.011599 0.070444
6 0.607794 0.605273 0.020297 0.067009
6 0.578802 0.602690 0.016427 0.051546
6 0.551258 0.611282 0.015464 0.041231
6 0.536760 0.607847 0.007729 0.044676
6 0.523711 0.611282 0.006766 0.051546
6 0.819458 0.586370 0.016427 0.073889
5 0.971682 0.576921 0.054125 0.092787
5 0.904510 0.640495 0.120813 0.130583
6 0.839271 0.558019 0.009667 0.003444
6 0.834440 0.558019 0.015464 0.017185
8 0.789016 0.509389 0.017396 0.039519
7 0.301419 0.323486 0.051224 0.115120
4 0.369555 0.540319 0.021266 0.053269
4 0.624219 0.516269 0.037708 0.056704
5 0.017573 0.625889 0.035146 0.080759
5 0.158859 0.630185 0.096646 0.109963
5 0.843622 0.594102 0.041557 0.079037
6 0.075258 0.646509 0.039630 0.104815
6 0.339112 0.619014 0.014495 0.067009
6 0.306250 0.618157 0.016427 0.068722
6 0.284987 0.622454 0.012568 0.070444
6 0.255510 0.613861 0.017396 0.063574
6 0.275805 0.616435 0.011599 0.072167