6 0.741656 0.600116 0.021260 0.080750
4 0.813177 0.224167 0.069583 0.135741
4 0.053510 0.558361 0.030927 0.061852
4 0.076708 0.502176 0.034792 0.077315
7 0.407732 0.319185 0.047359 0.103093
7 0.812500 0.374856 0.079250 0.132306
7 0.366656 0.514204 0.032865 0.101370
6 0.675943 0.717815 0.094698 0.295537
6 0.602966 0.680870 0.047359 0.249148
6 0.567201 0.691181 0.049297 0.242269
6 0.621810 0.674000 0.032859 0.180407
6 0.653706 0.597537 0.023193 0.068722
6 0.536760 0.657676 0.036729 0.185574
6 0.512115 0.655958 0.035760 0.171824
6 0.482154 0.680014 0.051224 0.219935
6 0.457505 0.664551 0.044458 0.226806
6 0.408698 0.674856 0.053156 0.199306
6 0.327500 0.681731 0.037708 0.164944
6 0.265174 0.662829 0.032859 0.164954
6 0.284505 0.649088 0.021260 0.154639
6 0.347810 0.668847 0.020297 0.163231
6 0.306734 0.661111 0.023198 0.182130
6 0.378737 0.677435 0.041557 0.201037
6 0.088789 0.646509 0.026099 0.118556
6 0.061727 0.654236 0.029964 0.106528
6 0.761953 0.614718 0.023198 0.089343
6 0.711695 0.609565 0.015464 0.079037