4 0.053995 0.561796 0.029958 0.054981
7 0.364242 0.515065 0.037693 0.072167
7 0.401935 0.327778 0.033828 0.116833
7 0.804479 0.375889 0.063792 0.147759
6 0.965547 0.730699 0.068906 0.479380
6 0.900167 0.749597 0.129500 0.458769
6 0.935438 0.688606 0.045427 0.312713
6 0.754232 0.763347 0.102474 0.462194
6 0.791430 0.716093 0.058953 0.350519
6 0.692849 0.683444 0.053156 0.278352
6 0.632443 0.704065 0.057990 0.333333
6 0.574935 0.728125 0.051224 0.353954
6 0.506797 0.707505 0.054125 0.329898
6 0.417880 0.707505 0.057990 0.226806
6 0.442526 0.692898 0.028031 0.228519
6 0.479253 0.678292 0.031891 0.202750
6 0.382602 0.687745 0.033828 0.194157
6 0.358440 0.671421 0.029964 0.178694
6 0.320747 0.673139 0.043495 0.206185
6 0.086857 0.649944 0.020297 0.097944
6 0.068492 0.646509 0.014495 0.104815
6 0.547870 0.705782 0.041573 0.274917
4 0.813177 0.238750 0.085000 0.151204
4 0.075258 0.499602 0.041557 0.054981