5 0.365518 0.615972 0.010682 0.020722
6 0.423779 0.621440 0.015214 0.055824
5 0.639672 0.702556 0.143385 0.114556
5 0.768234 0.815093 0.459083 0.369815
8 0.428513 0.560597 0.019328 0.049824
5 0.366487 0.686463 0.058589 0.136370
8 0.453641 0.563171 0.025125 0.058417
8 0.607313 0.601833 0.009667 0.042963
5 0.385424 0.621153 0.020068 0.028769
5 0.438828 0.672366 0.040135 0.111639
5 0.522987 0.678120 0.149536 0.163426
5 0.533375 0.684310 0.169135 0.211343
5 0.353607 0.686884 0.105349 0.164954
8 0.476354 0.549431 0.016427 0.058417