5 0.675987 0.594019 0.043068 0.071593
5 0.664242 0.597000 0.039714 0.087500
5 0.611669 0.600981 0.086693 0.095463
5 0.589857 0.618380 0.077745 0.062648
4 0.927706 0.203208 0.113078 0.149491
4 0.934471 0.347537 0.130474 0.128870
5 0.820292 0.582088 0.030760 0.079546
6 0.297893 0.643741 0.020693 0.071593
5 0.752615 0.640259 0.104594 0.176000
4 0.307698 0.578634 0.027063 0.034361
8 0.107635 0.566611 0.013531 0.030926
8 0.309148 0.548569 0.033828 0.029213
8 0.545456 0.514204 0.015464 0.049833
8 0.857151 0.382759 0.043490 0.096222
4 0.332346 0.546852 0.028026 0.046389
5 0.795961 0.603463 0.061526 0.120315