5 0.129591 0.678051 0.166724 0.186287
5 0.223018 0.656569 0.124839 0.134454
5 0.071198 0.730315 0.053156 0.196019
8 0.488435 0.557162 0.032859 0.049824
8 0.515013 0.538259 0.020297 0.042963
5 0.045120 0.738431 0.090240 0.243991
5 0.777169 0.795694 0.445661 0.367500
5 0.467924 0.620866 0.078859 0.129269
5 0.287547 0.648708 0.023490 0.091472
5 0.300969 0.639759 0.042510 0.091481
5 0.318867 0.632301 0.053693 0.106398
5 0.314951 0.604458 0.081661 0.098435
5 0.361935 0.608435 0.016776 0.084519
5 0.426255 0.618880 0.019021 0.045741