8 0.176740 0.523657 0.039625 0.079037
5 0.423198 0.659394 0.097615 0.113398
5 0.785148 0.814894 0.429120 0.362546
5 0.324130 0.649940 0.088917 0.121991
5 0.257927 0.652523 0.103417 0.185565
5 0.181089 0.673139 0.177833 0.213056
5 0.843620 0.621593 0.134344 0.085907
5 0.673034 0.625028 0.100516 0.085907
5 0.547391 0.633620 0.075385 0.099648
5 0.024034 0.838944 0.045422 0.245704
5 0.083474 0.728120 0.164302 0.243981
4 0.753255 0.537403 0.057990 0.075602
2 0.749391 0.454065 0.057990 0.094500
8 0.420779 0.564894 0.019328 0.075602