4 0.595714 0.519356 0.030927 0.036083
7 0.887599 0.515926 0.027063 0.111685
7 0.866818 0.497023 0.016427 0.070454
7 0.160307 0.495306 0.022229 0.077315
5 0.085711 0.741866 0.171422 0.233676
5 0.313500 0.625032 0.054125 0.106528
5 0.501966 0.631903 0.050255 0.092787
5 0.460891 0.622454 0.035760 0.063574
5 0.421263 0.620736 0.028026 0.060139
5 0.344427 0.619875 0.032865 0.068731
5 0.365208 0.607847 0.022229 0.051546
6 0.072841 0.625889 0.034797 0.039519
6 0.703479 0.622454 0.035760 0.104815
4 0.061727 0.545130 0.043495 0.046389
4 0.858120 0.435167 0.026094 0.070444
4 0.317365 0.559736 0.023198 0.041231
4 0.066560 0.492727 0.037693 0.054991
4 0.318333 0.525370 0.030927 0.030926
4 0.589432 0.555444 0.022229 0.046389