7 0.309633 0.467810 0.046391 0.077324
5 0.554638 0.600977 0.037693 0.051546
5 0.595716 0.609569 0.028995 0.075602
5 0.501482 0.627606 0.028026 0.104806
5 0.635823 0.617296 0.053156 0.073889
5 0.469115 0.629324 0.073438 0.135741
6 0.986323 0.635343 0.027354 0.127148
6 0.962982 0.635338 0.038661 0.154639
6 0.280638 0.643926 0.046391 0.127148
6 0.234732 0.689463 0.072484 0.204463
4 0.477320 0.503894 0.037693 0.053269
4 0.477320 0.545134 0.029964 0.053269
4 0.822359 0.529671 0.043490 0.060139
4 0.218784 0.476407 0.032859 0.063574
4 0.230380 0.540838 0.050260 0.068731