5 0.332344 0.602694 0.018365 0.054981
5 0.397102 0.603551 0.033828 0.056694
3 0.737307 0.430009 0.043490 0.094500
6 0.641576 0.547708 0.037786 0.058417
6 0.573487 0.613861 0.015464 0.073889
6 0.562372 0.604412 0.014495 0.068731
5 0.746982 0.619014 0.101464 0.084194
7 0.749388 0.518500 0.056057 0.096222
7 0.501000 0.224685 0.057990 0.127148
5 0.904510 0.751315 0.186531 0.420963
5 0.344909 0.595819 0.024161 0.041231
5 0.365208 0.686884 0.147875 0.243991
6 0.177708 0.630185 0.049292 0.151204
5 0.434310 0.633620 0.077318 0.116833
5 0.481185 0.614722 0.057026 0.103093
7 0.227479 0.478981 0.057990 0.106537
5 0.831542 0.620736 0.129510 0.084194
3 0.235698 0.377606 0.062823 0.085917