5 0.337656 0.773657 0.235833 0.365981
7 0.265174 0.513347 0.030932 0.089343
5 0.784182 0.608708 0.088917 0.073880
5 0.347807 0.587231 0.022229 0.054981
5 0.336695 0.597542 0.011599 0.051546
5 0.415948 0.609565 0.065719 0.089352
5 0.320266 0.600116 0.034792 0.070454
5 0.229414 0.614718 0.052193 0.106528
5 0.167560 0.631903 0.117911 0.092787
7 0.647422 0.522796 0.029958 0.077315
7 0.468622 0.313171 0.028026 0.108250
3 0.643557 0.453208 0.060885 0.072157
3 0.267107 0.434310 0.061859 0.068731
6 0.463789 0.603551 0.012568 0.049824
6 0.199451 0.626745 0.028995 0.140898
5 0.644523 0.765921 0.314109 0.329898