3 0.265656 0.434310 0.035760 0.051546
3 0.645974 0.480699 0.036729 0.096213
7 0.265174 0.511625 0.030932 0.068731
7 0.478768 0.310597 0.052193 0.092787
5 0.323164 0.598398 0.036724 0.073889
5 0.448807 0.604412 0.061854 0.075602
5 0.606831 0.643069 0.140141 0.187287
5 0.487469 0.662829 0.121781 0.178694
5 0.346359 0.592384 0.019333 0.044676
5 0.399518 0.595819 0.011599 0.027491
5 0.378737 0.590662 0.016432 0.027491
5 0.343943 0.776231 0.192333 0.340204
6 0.518396 0.596681 0.013531 0.049824
6 0.219266 0.658532 0.049292 0.170102