6 0.835406 0.613861 0.056052 0.166667
5 0.452190 0.594963 0.020297 0.063574
5 0.408216 0.595819 0.061859 0.048102
6 0.610214 0.587227 0.023198 0.085917
6 0.630508 0.584648 0.019328 0.094500
6 0.561406 0.595819 0.031896 0.089343
5 0.341529 0.601833 0.059922 0.060130
4 0.313982 0.537398 0.029964 0.065296
5 0.047052 0.647366 0.094104 0.096213
4 0.492302 0.533102 0.017396 0.039519
4 0.046263 0.478981 0.049286 0.068722
5 0.503417 0.626750 0.111146 0.151204
5 0.399034 0.719532 0.167203 0.288657
4 0.090240 0.486713 0.030927 0.084185
4 0.579768 0.449773 0.033828 0.051546
7 0.044331 0.526231 0.037693 0.104815
7 0.489398 0.313171 0.028995 0.128861
7 0.577354 0.515065 0.027063 0.079037