5 0.477320 0.586366 0.010630 0.042954
6 0.494716 0.590662 0.020297 0.044676
6 0.837339 0.608708 0.061854 0.187287
6 0.611664 0.592384 0.041557 0.113398
6 0.638727 0.591523 0.033828 0.104806
5 0.404349 0.729843 0.197167 0.302407
5 0.201385 0.632764 0.150771 0.097935
5 0.102320 0.629324 0.074422 0.087630
5 0.183987 0.604412 0.100516 0.037806
5 0.334760 0.611287 0.102448 0.079037
5 0.434794 0.598398 0.084089 0.080759
5 0.574451 0.591523 0.015464 0.056694
7 0.485534 0.317468 0.046391 0.109972
7 0.579768 0.491009 0.028026 0.048111
7 0.052060 0.529667 0.037693 0.080759
4 0.309148 0.551148 0.033828 0.048111
4 0.048198 0.466954 0.031896 0.065296
4 0.087339 0.469532 0.025125 0.042954