6 0.456539 0.615579 0.019328 0.070454
6 0.810760 0.670560 0.043490 0.218213
6 0.883729 0.704926 0.088917 0.259444
6 0.468138 0.609569 0.013526 0.051546
5 0.369555 0.639634 0.063786 0.111676
5 0.294654 0.635338 0.055089 0.092787
5 0.218297 0.645648 0.093750 0.151204
5 0.426096 0.635338 0.045422 0.109972
5 0.327029 0.618153 0.032859 0.075602
5 0.888563 0.638778 0.119844 0.158074
5 0.969411 0.599255 0.061177 0.164954
4 0.513081 0.555444 0.029964 0.063574
4 0.506797 0.497884 0.034792 0.075602
4 0.157411 0.561458 0.035760 0.051546
4 0.162727 0.530528 0.019328 0.034370