5 0.364724 0.608708 0.038656 0.115120
5 0.333797 0.611287 0.030927 0.054981
5 0.396617 0.612139 0.025130 0.063574
4 0.158378 0.512486 0.028026 0.049824
4 0.470555 0.512486 0.026099 0.046398
7 0.162727 0.557162 0.028995 0.060139
7 0.391299 0.429153 0.051224 0.075602
7 0.260344 0.429153 0.030927 0.092787
5 0.142430 0.771935 0.282214 0.324741
5 0.420297 0.619019 0.049292 0.094500
5 0.469104 0.661111 0.112115 0.140889
7 0.470070 0.545134 0.019328 0.053269
5 0.221682 0.637060 0.092781 0.106528
5 0.319299 0.631898 0.052193 0.103093