4 0.140982 0.504755 0.033828 0.054991
4 0.491333 0.536542 0.027063 0.049824
4 0.697198 0.343241 0.044458 0.116833
7 0.688500 0.446333 0.054125 0.113407
7 0.546909 0.135338 0.068620 0.171824
6 0.587982 0.605269 0.025130 0.080759
6 0.497133 0.606130 0.015464 0.065296
6 0.487951 0.601833 0.010630 0.053259
5 0.251643 0.665407 0.133380 0.173537
6 0.557539 0.591523 0.020297 0.067009
5 0.410630 0.592384 0.031896 0.041231
5 0.365206 0.600116 0.037693 0.046398
5 0.458474 0.610421 0.052188 0.091065
5 0.851354 0.778806 0.288979 0.352241
6 0.761953 0.590667 0.027063 0.113407
6 0.714594 0.601833 0.036729 0.118556
5 0.406766 0.676574 0.144010 0.213056
4 0.268076 0.547708 0.028995 0.058417