6 0.519365 0.619014 0.013531 0.084194
4 0.276773 0.575199 0.015464 0.034361
4 0.448807 0.583792 0.017396 0.054991
4 0.118266 0.522796 0.027063 0.046389
4 0.108120 0.566611 0.049292 0.068722
5 0.350708 0.607847 0.018365 0.051546
5 0.412565 0.611282 0.039630 0.044676
5 0.329930 0.617296 0.040589 0.077315
5 0.189786 0.643931 0.112115 0.130583
5 0.286919 0.645648 0.082151 0.109963
5 0.464755 0.632759 0.068625 0.118556
5 0.788047 0.767644 0.419458 0.378009
5 0.378255 0.661111 0.079250 0.164944
6 0.531927 0.619875 0.013531 0.068731