7 0.441078 0.519361 0.027063 0.094500
5 0.498583 0.630185 0.049292 0.085907
5 0.440594 0.625889 0.043490 0.073889
5 0.356023 0.619019 0.052193 0.070444
7 0.382120 0.537398 0.021260 0.061852
5 0.388401 0.675718 0.115010 0.149491
5 0.276289 0.644787 0.089880 0.125426
6 0.469107 0.605269 0.015464 0.049833
6 0.682216 0.588088 0.014495 0.046398
6 0.980042 0.583792 0.039917 0.130583
6 0.773552 0.593241 0.017396 0.073889
6 0.751805 0.593241 0.016432 0.073889
7 0.417398 0.523653 0.028026 0.075602
5 0.395169 0.598394 0.020297 0.036083
7 0.342495 0.574343 0.021260 0.029204
7 0.465240 0.574343 0.017396 0.029204