8 0.686565 0.321764 0.086984 0.042954
7 0.463305 0.558023 0.011599 0.051546
7 0.441560 0.559736 0.012568 0.061861
5 0.951385 0.909394 0.094719 0.173546
4 0.252609 0.537398 0.065719 0.109963
5 0.526609 0.674856 0.111146 0.144324
4 0.636792 0.533106 0.055094 0.091065
5 0.417883 0.678292 0.100516 0.113398
5 0.225547 0.710940 0.193302 0.216491
5 0.345393 0.629324 0.054120 0.118556
5 0.461372 0.631042 0.046391 0.067009
6 0.740690 0.593241 0.019328 0.053259
6 0.719424 0.599259 0.015464 0.048111
6 0.630992 0.608708 0.018359 0.053269
7 0.409182 0.564889 0.011594 0.030926
8 0.686565 0.267639 0.090849 0.054981