5 0.288370 0.660250 0.121781 0.197593
6 0.640174 0.600116 0.019328 0.049824
6 0.666271 0.595819 0.017396 0.072157
6 0.688016 0.595819 0.022229 0.061861
6 0.847005 0.598394 0.021260 0.091065
6 0.830091 0.593241 0.026099 0.087630
5 0.396133 0.606986 0.060891 0.060139
5 0.443977 0.615579 0.034797 0.070454
5 0.471521 0.628468 0.051229 0.099657
5 0.342010 0.614718 0.062823 0.099657
5 0.405799 0.688602 0.095682 0.158074
5 0.578802 0.677435 0.134344 0.180407
7 0.429479 0.556301 0.013531 0.065287
7 0.450258 0.552005 0.029964 0.060139
7 0.398068 0.545134 0.028031 0.049824
4 0.056234 0.461801 0.112469 0.202750
4 0.851839 0.436884 0.115979 0.159787