7 0.419812 0.577778 0.021260 0.036074
4 0.332828 0.575204 0.040594 0.079037
4 0.553187 0.564889 0.057990 0.048111
4 0.821391 0.535685 0.049292 0.072167
5 0.381154 0.635338 0.023193 0.065287
7 0.469589 0.576060 0.008698 0.032639
5 0.486018 0.638778 0.051224 0.096222
6 0.646940 0.610426 0.015464 0.046389
5 0.152578 0.728125 0.281250 0.250861
5 0.417398 0.661111 0.064755 0.106537
5 0.552224 0.697194 0.137240 0.171815
7 0.449773 0.571764 0.015464 0.037806
5 0.906445 0.566611 0.068620 0.085907
7 0.482635 0.601833 0.013531 0.032648
5 0.952836 0.544273 0.043495 0.075602
6 0.661922 0.611287 0.012563 0.048111
5 0.347326 0.649944 0.065724 0.118556