5 0.466690 0.646505 0.095682 0.146046
5 0.372453 0.625028 0.040594 0.116833
5 0.322680 0.630181 0.037693 0.075602
5 0.047714 0.661972 0.085052 0.159796
5 0.427544 0.613000 0.036724 0.079037
5 0.341044 0.625028 0.018359 0.061852
6 0.609732 0.630185 0.037693 0.168389
6 0.636792 0.636194 0.033823 0.183852
5 0.154510 0.721245 0.302510 0.384880
8 0.243911 0.561454 0.032865 0.054981
4 0.663370 0.368157 0.038656 0.108241
7 0.654672 0.477264 0.052188 0.109972
7 0.451706 0.125028 0.046391 0.127148
7 0.058828 0.110426 0.080219 0.166667