4 0.640659 0.466093 0.041557 0.053259
5 0.769682 0.787403 0.460052 0.393472
5 0.177224 0.692898 0.191365 0.225093
5 0.343943 0.643926 0.076354 0.134019
5 0.416914 0.631042 0.075391 0.091065
5 0.274349 0.604412 0.057031 0.092787
5 0.483604 0.585509 0.044458 0.065296
5 0.526128 0.562315 0.040589 0.032648
5 0.347807 0.583792 0.035760 0.041231
5 0.367622 0.576917 0.030932 0.072167
5 0.307219 0.584648 0.022229 0.056704
6 0.862951 0.552005 0.028026 0.084194
6 0.882763 0.574343 0.025130 0.077315
6 0.071875 0.661972 0.044458 0.152926
6 0.559471 0.582074 0.016432 0.061852
6 0.657573 0.569190 0.013531 0.067009
7 0.627609 0.524509 0.038656 0.063574
7 0.558505 0.311458 0.033823 0.121991
7 0.457505 0.303722 0.054125 0.144333
7 0.293203 0.299431 0.054125 0.132306
7 0.127448 0.523657 0.041563 0.072167
4 0.132766 0.457500 0.040594 0.063574