5 0.908039 0.839806 0.183922 0.309278
6 0.730542 0.596676 0.026094 0.094500
6 0.814143 0.605269 0.011599 0.104815
5 0.445424 0.626745 0.033828 0.075602
5 0.490367 0.622449 0.052193 0.067009
5 0.288854 0.644792 0.084083 0.091065
6 0.924807 0.595819 0.035760 0.123713
5 0.387435 0.675713 0.099547 0.142611
7 0.346841 0.587231 0.020297 0.030926
7 0.472487 0.570046 0.010630 0.034370
7 0.447841 0.514208 0.019328 0.067009
7 0.424646 0.528810 0.019333 0.058417
7 0.381635 0.527954 0.018365 0.063574
5 0.358440 0.616440 0.033828 0.068731
5 0.393234 0.607847 0.045427 0.037806
6 0.532411 0.608704 0.018365 0.056704