5 0.197086 0.619556 0.059599 0.058704
4 0.626643 0.563176 0.027057 0.061852
5 0.544177 0.641750 0.106396 0.151778
5 0.429003 0.625287 0.059516 0.095926
5 0.352932 0.641037 0.087792 0.101667
5 0.496698 0.622421 0.012885 0.104528
5 0.440721 0.597366 0.023359 0.048676
5 0.477732 0.599514 0.013609 0.038657
5 0.462870 0.600231 0.019333 0.045815
5 0.114529 0.618843 0.058797 0.054407
5 0.060568 0.638889 0.041073 0.068722
5 0.762083 0.569444 0.140948 0.052981
5 0.874799 0.555843 0.111870 0.077315
5 0.936453 0.565148 0.072490 0.052981
5 0.736310 0.564431 0.169943 0.065861