7 0.659987 0.511630 0.010630 0.041241
5 0.433828 0.738431 0.213594 0.312713
5 0.807378 0.704065 0.293818 0.302407
5 0.625195 0.642213 0.105349 0.168389
5 0.585568 0.607847 0.047354 0.089343
5 0.477320 0.602694 0.113078 0.127148
5 0.151609 0.574338 0.066688 0.060139
5 0.468622 0.548569 0.058953 0.073880
5 0.901128 0.607847 0.067651 0.123713
7 0.529026 0.385338 0.027063 0.118565
2 0.784182 0.474685 0.025125 0.039519
2 0.663854 0.477264 0.022229 0.051546
4 0.051578 0.450630 0.044458 0.080759
7 0.786115 0.506472 0.023198 0.030926
7 0.351674 0.510764 0.024161 0.067009
7 0.261307 0.424000 0.021260 0.072167
4 0.017091 0.454926 0.034182 0.072167
7 0.646456 0.509907 0.016432 0.054981