2 0.780799 0.466093 0.033828 0.049833
5 0.441560 0.729838 0.225193 0.319583
5 0.786115 0.709222 0.282219 0.285222
5 0.928818 0.624171 0.142365 0.218213
5 0.617945 0.622449 0.094714 0.132306
5 0.569620 0.584653 0.048323 0.077324
5 0.473935 0.591523 0.100516 0.091065
5 0.162245 0.566611 0.093750 0.096222
4 0.014674 0.447194 0.029349 0.067019
4 0.048195 0.456644 0.047359 0.082472
2 0.659987 0.472106 0.024161 0.061861
7 0.530477 0.386194 0.028026 0.072167
7 0.663370 0.509912 0.025125 0.044676
7 0.782734 0.511630 0.022229 0.054981
7 0.350224 0.514208 0.013531 0.067009
7 0.263242 0.433449 0.028995 0.073880