4 0.015159 0.453208 0.030318 0.061861
2 0.660471 0.478120 0.034797 0.039519
2 0.783698 0.475542 0.041562 0.044676
7 0.530477 0.386194 0.039630 0.085907
5 0.625677 0.636199 0.104385 0.163231
5 0.813661 0.688606 0.298646 0.312713
5 0.440109 0.733278 0.201031 0.340204
5 0.932685 0.614718 0.134630 0.192435
5 0.165141 0.572620 0.070552 0.056704
5 0.474419 0.576917 0.101484 0.065296
5 0.582669 0.589806 0.055089 0.101370
7 0.360857 0.521079 0.046391 0.049824
7 0.262276 0.435167 0.027062 0.056704
7 0.666271 0.518500 0.023198 0.054981
4 0.054479 0.454065 0.052187 0.077315
7 0.783216 0.509912 0.019328 0.044676