7 0.530477 0.512486 0.026099 0.080750
7 0.512115 0.509046 0.022229 0.063574
7 0.391786 0.339806 0.040594 0.113407
5 0.890979 0.569185 0.066687 0.046389
5 0.790464 0.573486 0.066687 0.082472
5 0.728125 0.594102 0.079250 0.079037
5 0.472003 0.638778 0.100516 0.134019
5 0.849904 0.799630 0.293818 0.400741
5 0.661922 0.632759 0.097615 0.111685
7 0.857635 0.504755 0.036729 0.054991
7 0.769201 0.498741 0.012568 0.060130
7 0.627609 0.453208 0.023198 0.085917
5 0.106974 0.579495 0.213948 0.297250
4 0.512596 0.427435 0.032859 0.061852
4 0.746490 0.436023 0.040594 0.058417
7 0.744555 0.496162 0.015464 0.051546
7 0.586049 0.457505 0.038661 0.084194