5 0.366656 0.588088 0.108250 0.067009
5 0.038836 0.677435 0.077672 0.101370
5 0.164174 0.638773 0.064755 0.089343
5 0.463307 0.661111 0.075385 0.106537
5 0.373422 0.673139 0.094719 0.113407
5 0.667719 0.813171 0.428156 0.369417
4 0.353609 0.375889 0.041563 0.068722
4 0.469581 0.338944 0.037703 0.056704
4 0.466206 0.384477 0.034797 0.044676
4 0.563820 0.561454 0.042526 0.065296
4 0.352643 0.320046 0.037693 0.063574
4 0.529510 0.361282 0.045427 0.070454
4 0.409182 0.356986 0.050260 0.089343
4 0.285953 0.340662 0.049292 0.073880
5 0.148229 0.616435 0.050260 0.030926
5 0.247294 0.614722 0.047359 0.041241