5 0.318815 0.713514 0.200068 0.314435
7 0.045297 0.559741 0.039625 0.054981
4 0.501966 0.537398 0.028995 0.037796
7 0.628576 0.311458 0.069589 0.163231
7 0.825258 0.363861 0.087953 0.254296
7 0.684633 0.302005 0.069589 0.199306
2 0.683182 0.128463 0.144010 0.175259
5 0.804961 0.637056 0.060891 0.068722
5 0.563823 0.641352 0.054125 0.060130
5 0.842656 0.620736 0.053156 0.091065
5 0.919490 0.616440 0.125646 0.137454
5 0.106669 0.680870 0.193297 0.180407
6 0.229898 0.661111 0.016432 0.099648
6 0.209602 0.649083 0.016432 0.072167
6 0.770169 0.702347 0.078286 0.268046
6 0.670135 0.723824 0.077323 0.331611
6 0.731990 0.738435 0.067656 0.333333
5 0.601513 0.644787 0.032859 0.032648
5 0.497617 0.650801 0.020297 0.041231