5 0.021924 0.660250 0.043849 0.104815
6 0.193169 0.604412 0.010630 0.044676
7 0.380669 0.462657 0.033828 0.063574
7 0.448807 0.552009 0.017396 0.039519
7 0.218299 0.569190 0.029964 0.042954
6 0.475865 0.596676 0.015479 0.046389
6 0.445909 0.601833 0.015464 0.060130
6 0.459922 0.600111 0.014500 0.063574
6 0.521779 0.594963 0.026099 0.070444
6 0.644042 0.608704 0.030927 0.135741
6 0.674000 0.603551 0.027063 0.128861
6 0.835888 0.633620 0.028026 0.199315
6 0.864883 0.636194 0.060891 0.262889
6 0.807857 0.655097 0.051234 0.231954
5 0.374870 0.649083 0.093750 0.175259
5 0.327513 0.668847 0.116943 0.218213