6 0.447359 0.604407 0.008698 0.054981
6 0.430445 0.605269 0.007734 0.053259
6 0.417398 0.606986 0.010630 0.049824
6 0.476354 0.619014 0.029958 0.115120
4 0.896297 0.064889 0.119844 0.120278
4 0.467172 0.499602 0.065719 0.079037
4 0.913693 0.235852 0.139177 0.214778
6 0.489883 0.608704 0.020297 0.094500
6 0.194620 0.670565 0.054125 0.190722
5 0.334763 0.676574 0.117911 0.195870
6 0.591849 0.704065 0.075385 0.429556
6 0.037565 0.660255 0.028026 0.084194
6 0.396135 0.600116 0.014500 0.067009
6 0.437211 0.599255 0.009661 0.058417