5 0.295135 0.733273 0.204896 0.384880
5 0.366656 0.649940 0.108250 0.170102
5 0.443974 0.601833 0.030927 0.046389
5 0.383086 0.598398 0.025130 0.063574
6 0.768719 0.623310 0.038656 0.216491
6 0.634375 0.606130 0.032865 0.116833
6 0.577833 0.622449 0.035760 0.163231
6 0.569138 0.610426 0.016432 0.128870
6 0.523711 0.609565 0.024161 0.096222
6 0.543523 0.610426 0.028995 0.104815
6 0.499549 0.599255 0.012568 0.068731
6 0.515979 0.598398 0.010635 0.073889
6 0.122133 0.626745 0.032859 0.082472
6 0.225065 0.609565 0.010630 0.034370
6 0.424646 0.591523 0.013531 0.056694
7 0.197521 0.578634 0.017396 0.034361
7 0.450740 0.549426 0.017396 0.048111
7 0.379703 0.448056 0.022229 0.065296