6 0.514531 0.599255 0.017396 0.075602
7 0.205253 0.571764 0.028995 0.041231
7 0.443492 0.545991 0.018359 0.044667
7 0.381154 0.461796 0.027057 0.065296
5 0.392268 0.598394 0.029964 0.060139
5 0.372456 0.661111 0.119849 0.226796
5 0.298518 0.707505 0.192328 0.292102
6 0.230380 0.608704 0.009667 0.039519
6 0.221198 0.608708 0.008698 0.042954
6 0.205734 0.610426 0.014500 0.046389
6 0.184471 0.616435 0.018359 0.054981
6 0.442526 0.600116 0.010635 0.046398
6 0.793362 0.644787 0.047359 0.207907
6 0.827190 0.615579 0.055089 0.276639
6 0.864883 0.628463 0.068620 0.199315
6 0.663370 0.599259 0.040594 0.134019
6 0.638724 0.615579 0.031896 0.121991
6 0.469586 0.605269 0.024161 0.077315