6 0.097487 0.630185 0.031891 0.085907
6 0.225065 0.602694 0.016432 0.054981
6 0.486018 0.594958 0.012568 0.073880
6 0.472971 0.611282 0.025130 0.089343
6 0.500516 0.600972 0.016427 0.089352
6 0.513078 0.595819 0.022229 0.089343
6 0.557539 0.602690 0.016432 0.068731
6 0.548357 0.605269 0.019328 0.073889
6 0.586534 0.605269 0.020297 0.104815
6 0.632443 0.630181 0.048323 0.161509
6 0.769201 0.626745 0.051224 0.195880
6 0.714594 0.613861 0.054125 0.262889
5 0.378253 0.592380 0.032859 0.048111
5 0.439628 0.606130 0.033828 0.061852
5 0.369557 0.667125 0.102448 0.197602
5 0.297068 0.730699 0.214563 0.338491
7 0.196070 0.573481 0.018359 0.044667
7 0.453641 0.555440 0.021260 0.025769
7 0.378737 0.465231 0.026099 0.054981