7 0.448807 0.549426 0.023198 0.044667
5 0.385987 0.596681 0.015464 0.053269
5 0.358440 0.646509 0.095682 0.173537
5 0.458958 0.644787 0.093750 0.132296
5 0.293687 0.722968 0.196198 0.343639
6 0.405315 0.599259 0.015464 0.030926
6 0.187372 0.608708 0.010630 0.042954
6 0.166109 0.615579 0.022229 0.073880
6 0.586534 0.602690 0.010630 0.075602
6 0.721359 0.619014 0.036729 0.121991
6 0.490852 0.606991 0.024161 0.056704
6 0.570589 0.606130 0.013531 0.089352
6 0.619393 0.635338 0.029964 0.134028
6 0.653221 0.622449 0.028026 0.163231
6 0.700096 0.624171 0.038661 0.128861
6 0.893396 0.626745 0.067656 0.226806
7 0.379703 0.454065 0.029958 0.077315
7 0.203802 0.571764 0.039625 0.041231