7 0.377771 0.459222 0.020292 0.056704
7 0.451708 0.549431 0.019333 0.044676
7 0.197518 0.567468 0.028995 0.049824
6 0.087823 0.629324 0.029958 0.084185
6 0.767753 0.648222 0.065724 0.228519
6 0.647422 0.643074 0.058958 0.166667
6 0.579768 0.602690 0.022234 0.092787
6 0.545458 0.604407 0.030927 0.096222
6 0.509698 0.611282 0.021260 0.096213
6 0.495201 0.606986 0.019328 0.084194
6 0.470555 0.600972 0.012568 0.079037
6 0.456539 0.610421 0.021266 0.084194
5 0.413531 0.599255 0.068625 0.075602
5 0.370523 0.655958 0.121776 0.195880
5 0.292719 0.728120 0.213594 0.323019