6 0.200901 0.607847 0.012563 0.061861
7 0.389852 0.474685 0.042526 0.080759
7 0.450260 0.552866 0.022229 0.044676
5 0.297552 0.717810 0.196198 0.347083
5 0.515497 0.697194 0.158505 0.271481
5 0.371005 0.660255 0.093750 0.201028
6 0.662885 0.647366 0.039625 0.185565
6 0.703961 0.637056 0.046391 0.206185
6 0.734409 0.623310 0.033828 0.168380
6 0.757604 0.624171 0.039625 0.149491
6 0.974242 0.630185 0.051516 0.285222
6 0.613112 0.604412 0.023193 0.116843
6 0.411115 0.596681 0.009667 0.042954
6 0.174807 0.613000 0.016427 0.061852
6 0.221198 0.605269 0.012563 0.046389
6 0.235211 0.607847 0.011599 0.044676