6 0.234729 0.603556 0.014500 0.039519
7 0.374870 0.453208 0.035760 0.072157
7 0.449776 0.550287 0.023198 0.053259
7 0.197521 0.571764 0.017396 0.041231
5 0.298518 0.737574 0.201995 0.355667
5 0.432859 0.626745 0.084083 0.137454
5 0.353125 0.636194 0.112115 0.183852
6 0.825742 0.624167 0.059922 0.190722
6 0.626159 0.642213 0.029964 0.189000
6 0.665786 0.617296 0.028031 0.142611
6 0.686083 0.616440 0.029958 0.116843
6 0.503898 0.613000 0.032859 0.089352
6 0.550289 0.606130 0.025130 0.089352
6 0.571070 0.601833 0.020297 0.101370
6 0.480703 0.600977 0.019333 0.058417
6 0.164174 0.612144 0.028026 0.067009
6 0.459922 0.605273 0.014500 0.060139