6 0.471521 0.600977 0.018365 0.082472
6 0.771135 0.629324 0.043490 0.197593
6 0.498583 0.596681 0.022229 0.077324
6 0.627125 0.613861 0.026094 0.122000
6 0.114401 0.622449 0.021260 0.084194
6 0.198003 0.619875 0.010630 0.041231
5 0.386953 0.604412 0.027062 0.044676
5 0.428510 0.595819 0.044458 0.065287
5 0.371005 0.653380 0.120812 0.214778
5 0.309633 0.746162 0.239693 0.345361
6 0.222648 0.611287 0.017401 0.054981
6 0.587984 0.626745 0.050260 0.123713
6 0.537724 0.609565 0.027063 0.103093
7 0.379706 0.458361 0.024161 0.072167
6 0.400484 0.597542 0.005802 0.051546
6 0.516945 0.613861 0.020297 0.097944
6 0.456539 0.598398 0.021266 0.070444
7 0.193654 0.568329 0.019328 0.041231
7 0.448326 0.550287 0.012568 0.039519