6 0.547391 0.597537 0.015469 0.085907
6 0.457990 0.600116 0.014500 0.056694
6 0.467169 0.602694 0.015464 0.065296
6 0.442044 0.597537 0.011599 0.044667
6 0.789982 0.613000 0.050255 0.164944
5 0.290302 0.745306 0.218427 0.340204
7 0.376320 0.466954 0.034797 0.048111
7 0.451224 0.554583 0.026094 0.061852
7 0.199453 0.576060 0.023198 0.060139
6 0.230862 0.600116 0.016432 0.036083
6 0.148711 0.619019 0.020297 0.063574
5 0.365206 0.664551 0.128547 0.202750
5 0.408216 0.613861 0.050255 0.087630
6 0.497133 0.614718 0.025130 0.113398
6 0.526609 0.618153 0.035760 0.099657
6 0.568172 0.619875 0.022229 0.109972
6 0.637276 0.611282 0.021260 0.099657
6 0.622294 0.619875 0.029964 0.113398
6 0.589917 0.601833 0.013531 0.084185