6 0.078641 0.634481 0.023198 0.142611
6 0.059310 0.652519 0.015464 0.127148
6 0.039982 0.642213 0.023193 0.164944
6 0.025966 0.642208 0.028026 0.154639
6 0.010810 0.648222 0.021620 0.142611
6 0.460409 0.603569 0.013526 0.029176
5 0.707346 0.810796 0.435891 0.378407
5 0.350227 0.694616 0.148839 0.235398
5 0.511630 0.703208 0.139177 0.176972
5 0.456542 0.659394 0.061854 0.120269
5 0.423680 0.639634 0.048328 0.111676
4 0.492784 0.539977 0.053161 0.101380
8 0.975062 0.202352 0.049292 0.199315
5 0.408698 0.637056 0.039625 0.092778
4 0.430445 0.566611 0.015464 0.048111
5 0.399034 0.630185 0.045422 0.113407
4 0.449776 0.552005 0.021260 0.049824
4 0.469586 0.546852 0.024161 0.063574
6 0.950078 0.690319 0.099844 0.402065
6 0.775000 0.606125 0.070552 0.123713
6 0.704930 0.612144 0.030932 0.077324
6 0.744073 0.593245 0.028031 0.108250
6 0.625677 0.599259 0.034792 0.096222
6 0.188339 0.619875 0.039625 0.082472
6 0.159826 0.635338 0.021266 0.079046
6 0.117299 0.629324 0.023193 0.097944
6 0.105703 0.637056 0.023198 0.103093