5 0.632924 0.775370 0.302516 0.341926
4 0.440594 0.570046 0.026094 0.058426
4 0.457508 0.545134 0.019328 0.036083
4 0.478768 0.537398 0.019328 0.048111
4 0.534826 0.533963 0.067651 0.158074
4 0.645490 0.443755 0.082156 0.218213
6 0.043362 0.650801 0.016432 0.137454
6 0.063177 0.624171 0.023198 0.149491
6 0.124065 0.634477 0.025130 0.097935
6 0.164174 0.638773 0.024161 0.089343
6 0.705896 0.600116 0.052188 0.097935
6 0.852331 0.661111 0.076328 0.254296
6 0.902576 0.649088 0.064755 0.257731
6 0.951042 0.691181 0.097917 0.276639
5 0.268073 0.607847 0.023198 0.037806
5 0.838935 0.879352 0.322130 0.233704
5 0.407732 0.646505 0.037693 0.128861
5 0.435279 0.653380 0.063786 0.159796
5 0.488435 0.691181 0.123714 0.176972
5 0.325581 0.684306 0.099547 0.207907