6 0.733440 0.643931 0.064755 0.243991
5 0.299484 0.736713 0.223260 0.360833
5 0.351674 0.638778 0.115016 0.206185
5 0.219750 0.626750 0.061854 0.072167
5 0.376805 0.596681 0.051224 0.073880
6 0.061727 0.632759 0.031891 0.094500
6 0.763885 0.625028 0.048323 0.192444
6 0.549807 0.605273 0.026094 0.091065
6 0.522260 0.611287 0.023198 0.072167
6 0.492784 0.597537 0.016432 0.082481
6 0.473938 0.602694 0.011594 0.089352
6 0.459922 0.605269 0.014500 0.094500
6 0.440594 0.597537 0.008698 0.041241
7 0.200419 0.577778 0.019328 0.046389
7 0.378255 0.448056 0.021260 0.085907
7 0.451224 0.555444 0.018365 0.032648