6 0.468622 0.597542 0.014495 0.075602
6 0.544008 0.613861 0.028026 0.104815
6 0.519846 0.607847 0.020297 0.109972
7 0.447359 0.553722 0.014500 0.039519
7 0.379221 0.461796 0.023193 0.048111
7 0.197036 0.573481 0.024167 0.065296
5 0.363758 0.659394 0.110182 0.195880
5 0.290786 0.732417 0.229063 0.359111
5 0.387437 0.605269 0.031896 0.049833
6 0.501966 0.598398 0.015464 0.073889
6 0.147745 0.626745 0.014500 0.061861
6 0.441076 0.594963 0.009661 0.046389
6 0.758086 0.625028 0.048328 0.213056
6 0.483602 0.596676 0.009661 0.056704