6 0.872083 0.433449 0.193396 0.225083
6 0.757120 0.734995 0.085052 0.443306
6 0.695747 0.731560 0.074422 0.353954
6 0.300451 0.637917 0.037693 0.149481
6 0.271940 0.646509 0.034797 0.118556
6 0.574453 0.626745 0.038656 0.140898
6 0.548839 0.601833 0.022229 0.111685
6 0.053513 0.653380 0.042526 0.152926
6 0.022583 0.661968 0.038656 0.146046
6 0.945586 0.637056 0.059922 0.230241
6 0.860049 0.588944 0.020297 0.109963
6 0.839271 0.581213 0.017396 0.070444
6 0.826224 0.568329 0.008698 0.082472
6 0.989563 0.579495 0.014500 0.084194