5 0.186891 0.730699 0.245490 0.259454
5 0.083958 0.851833 0.165271 0.295537
5 0.285953 0.668843 0.113083 0.166667
6 0.323648 0.624171 0.020297 0.053269
5 0.573487 0.714375 0.189432 0.226806
4 0.495682 0.541694 0.022229 0.039519
5 0.337661 0.643926 0.061854 0.103093
5 0.361826 0.631903 0.032859 0.075602
5 0.477320 0.610426 0.070557 0.111685
6 0.792398 0.690324 0.082151 0.316148
6 0.861018 0.672282 0.103411 0.249139
6 0.548357 0.598394 0.021266 0.042954
6 0.524677 0.606130 0.022229 0.054981
5 0.417880 0.662833 0.075385 0.151204