5 0.087161 0.844963 0.174323 0.309278
5 0.309633 0.661111 0.086984 0.127148
5 0.344909 0.628463 0.057026 0.120278
5 0.472971 0.603551 0.046391 0.080750
6 0.653221 0.647366 0.033828 0.185565
6 0.691883 0.631903 0.043495 0.189009
6 0.796263 0.694616 0.047359 0.235398
6 0.850872 0.711801 0.073453 0.283509
6 0.919492 0.700630 0.083120 0.298963
6 0.967961 0.718671 0.064078 0.510306
6 0.541594 0.605269 0.027062 0.056704
5 0.415948 0.653380 0.071521 0.132296
5 0.516464 0.667986 0.090854 0.154639
5 0.227964 0.715231 0.173000 0.238833
4 0.493763 0.552856 0.026120 0.044657