5 0.282086 0.636199 0.037693 0.084194
5 0.500503 0.615579 0.039651 0.115120
5 0.327997 0.608704 0.011599 0.039519
4 0.580253 0.582931 0.019328 0.036083
4 0.580253 0.544273 0.032859 0.048102
4 0.581219 0.510769 0.030927 0.046389
5 0.369083 0.623310 0.029938 0.061861
5 0.426578 0.668843 0.088917 0.128870
5 0.645490 0.795333 0.410760 0.409333
5 0.079914 0.796847 0.159828 0.402065
5 0.147745 0.688602 0.188469 0.237111
5 0.239078 0.656815 0.063792 0.156352
5 0.241495 0.665407 0.062823 0.152926
5 0.267107 0.650801 0.052193 0.123713
5 0.351193 0.625884 0.019333 0.060139