5 0.774518 0.613005 0.028995 0.044676
7 0.313984 0.277949 0.066687 0.130583
7 0.198003 0.542556 0.045422 0.096222
6 0.256490 0.705782 0.079229 0.178694
6 0.648878 0.625889 0.019318 0.049833
6 0.128422 0.687745 0.055073 0.180417
6 0.164659 0.710083 0.044464 0.197593
5 0.888563 0.640495 0.088917 0.130583
5 0.575419 0.675718 0.117911 0.201028
5 0.487469 0.661111 0.108250 0.144333
5 0.702513 0.648227 0.064755 0.128861
5 0.753253 0.622454 0.038661 0.070444
6 0.191237 0.702347 0.039630 0.178694
5 0.831057 0.601833 0.033823 0.080759