7 0.897263 0.119014 0.110182 0.235398
6 0.709279 0.634477 0.022234 0.115120
6 0.687047 0.638773 0.035760 0.130583
6 0.913208 0.798769 0.099552 0.402463
6 0.820909 0.747023 0.069589 0.408935
5 0.333797 0.642208 0.054125 0.092787
5 0.106185 0.732417 0.211661 0.304130
7 0.710245 0.382759 0.039625 0.109963
7 0.641130 0.564889 0.050281 0.089352
7 0.042398 0.540838 0.055089 0.082472
7 0.358924 0.445477 0.050255 0.060139
7 0.789016 0.121593 0.094719 0.233685
6 0.229898 0.646505 0.024161 0.091065
6 0.255026 0.637056 0.028031 0.096222
6 0.488435 0.643069 0.025130 0.077324
6 0.523227 0.636199 0.015464 0.073880
6 0.531445 0.641352 0.024161 0.094500
6 0.736823 0.647366 0.023198 0.144324
5 0.442044 0.670560 0.100516 0.194157