6 0.674969 0.647366 0.023198 0.116843
6 0.650320 0.649083 0.020297 0.123704
6 0.707346 0.650801 0.041557 0.109972
6 0.489398 0.636199 0.028995 0.073880
6 0.440594 0.629324 0.018365 0.053259
6 0.144362 0.651662 0.034797 0.097935
6 0.174326 0.642208 0.025130 0.092787
6 0.807862 0.612139 0.020297 0.063574
5 0.405315 0.680009 0.104380 0.168389
5 0.271940 0.641352 0.046391 0.084185
5 0.054961 0.719528 0.105349 0.247426
5 0.936888 0.656815 0.117911 0.135741
5 0.850388 0.648227 0.109214 0.101380
5 0.334279 0.624167 0.022234 0.056704
5 0.316398 0.631903 0.019328 0.041231
7 0.690917 0.375032 0.049292 0.121991
7 0.613594 0.563176 0.062823 0.085907
7 0.299000 0.433449 0.057990 0.080750