6 0.424646 0.612144 0.023198 0.070454
6 0.441076 0.618157 0.021266 0.096222
7 0.074776 0.574343 0.030927 0.039519
5 0.059312 0.633620 0.071521 0.044667
5 0.098937 0.627606 0.061854 0.046398
4 0.405799 0.517644 0.018359 0.018898
7 0.366172 0.458361 0.026094 0.068722
7 0.402898 0.544273 0.029964 0.051546
5 0.393716 0.716097 0.172036 0.281787
7 0.150161 0.590662 0.017396 0.068731
5 0.279187 0.595819 0.028031 0.065287
5 0.288854 0.593245 0.029958 0.067009
5 0.131315 0.614718 0.043495 0.034361
5 0.226997 0.624171 0.115016 0.125435
5 0.363755 0.609565 0.088917 0.054981
6 0.535310 0.622454 0.053161 0.173537
6 0.507763 0.635338 0.032859 0.130583
6 0.473453 0.625032 0.029958 0.147769