5 0.357958 0.584653 0.027063 0.053269
6 0.442526 0.609565 0.016427 0.103093
6 0.456055 0.630185 0.020297 0.092778
6 0.476836 0.627606 0.032859 0.139176
5 0.017268 0.639634 0.033828 0.042954
5 0.123099 0.619019 0.048323 0.039519
5 0.295620 0.589806 0.022229 0.039519
5 0.245362 0.623310 0.086016 0.072157
5 0.096521 0.674856 0.105344 0.123713
5 0.386953 0.710079 0.166240 0.228528
7 0.085406 0.573481 0.025125 0.048111
7 0.072841 0.567472 0.019328 0.039519
4 0.404349 0.518500 0.025125 0.041241
7 0.406281 0.544273 0.027062 0.051546
7 0.370521 0.454065 0.027063 0.077315