5 0.307219 0.592384 0.035760 0.061861
5 0.282570 0.601833 0.019328 0.049833
5 0.250193 0.610421 0.029958 0.060139
5 0.262758 0.590667 0.014495 0.041241
6 0.462339 0.616440 0.023198 0.123713
6 0.437693 0.606991 0.022229 0.087630
6 0.478771 0.607847 0.021260 0.096213
5 0.366656 0.584653 0.015469 0.036083
7 0.412081 0.540838 0.025130 0.075602
7 0.370521 0.454926 0.027063 0.079037
5 0.137115 0.639634 0.080219 0.073880
5 0.066078 0.637912 0.057990 0.042954
5 0.399516 0.700634 0.164302 0.257731
5 0.019990 0.637056 0.039979 0.044667