7 0.377286 0.472968 0.027063 0.056694
4 0.767271 0.112139 0.093750 0.190722
5 0.111503 0.625889 0.059922 0.053259
5 0.143880 0.621593 0.045427 0.037796
5 0.058826 0.630185 0.064755 0.079037
6 0.017091 0.651657 0.034182 0.111685
6 0.469589 0.603551 0.016427 0.094509
6 0.451708 0.608704 0.025125 0.101370
5 0.297068 0.600977 0.023198 0.051546
5 0.270008 0.602690 0.025130 0.058417
5 0.382602 0.661972 0.109214 0.207907
7 0.412081 0.549431 0.023193 0.058417
5 0.166591 0.619875 0.042526 0.054991
5 0.326062 0.582931 0.013531 0.067009