7 0.077190 0.568329 0.020297 0.065287
4 0.407247 0.521074 0.015464 0.039519
7 0.368104 0.448912 0.031896 0.073880
7 0.404641 0.541523 0.023198 0.029213
6 0.847003 0.717810 0.135307 0.457046
6 0.967005 0.755616 0.065990 0.384880
6 0.794813 0.743583 0.054125 0.405500
5 0.382604 0.719532 0.188469 0.298972
5 0.135180 0.635338 0.118880 0.116843
5 0.368589 0.596681 0.094719 0.108250
5 0.236180 0.611287 0.034797 0.054981
5 0.268557 0.594963 0.024167 0.063574
5 0.283055 0.596681 0.028026 0.073880
5 0.056896 0.637917 0.058958 0.053259
7 0.146779 0.577778 0.018359 0.032648