5 0.293685 0.604412 0.020297 0.068731
6 0.459440 0.614718 0.025130 0.092787
6 0.474419 0.606130 0.014495 0.079037
6 0.488919 0.603551 0.016432 0.084194
6 0.439143 0.605269 0.015464 0.094500
6 0.430927 0.625028 0.018365 0.096222
5 0.387919 0.670560 0.110182 0.180417
5 0.323164 0.582935 0.023193 0.056704
5 0.263724 0.607847 0.026094 0.051546
5 0.282570 0.596681 0.019328 0.049824
5 0.375354 0.581218 0.027062 0.036083
5 0.064143 0.637917 0.085047 0.046389
5 0.109083 0.626745 0.062823 0.065287
5 0.136635 0.623310 0.050271 0.051546
5 0.148229 0.614718 0.050260 0.034361
7 0.373904 0.452352 0.028026 0.087630
7 0.416432 0.544273 0.026094 0.068731