5 0.133732 0.630181 0.023193 0.044676
5 0.383086 0.622449 0.056057 0.091065
4 0.503414 0.458366 0.095682 0.154639
4 0.447841 0.495306 0.042526 0.056704
7 0.371971 0.507333 0.024161 0.056704
7 0.397102 0.562315 0.012568 0.049833
6 0.408216 0.597542 0.011599 0.051546
6 0.435760 0.605269 0.014500 0.063574
6 0.423677 0.606986 0.013531 0.067009
6 0.176258 0.625028 0.015464 0.054981
5 0.222648 0.610421 0.027057 0.036083
5 0.206701 0.614718 0.029964 0.034361
5 0.193654 0.621593 0.028995 0.037796
5 0.168042 0.625028 0.033823 0.054981
5 0.285956 0.604412 0.020297 0.041231
5 0.321232 0.600972 0.034797 0.048111