7 0.430927 0.550287 0.012563 0.022333
7 0.086372 0.584653 0.030932 0.049824
7 0.402898 0.546852 0.020297 0.039519
7 0.363755 0.443736 0.030927 0.066972
5 0.122133 0.618157 0.030932 0.041241
5 0.231346 0.640495 0.117911 0.154639
5 0.393719 0.590667 0.044458 0.024056
5 0.357958 0.583792 0.019333 0.027491
5 0.404349 0.745301 0.201031 0.288657
7 0.144846 0.583792 0.028026 0.037806
5 0.057378 0.639634 0.063786 0.042954
5 0.094589 0.627606 0.055094 0.032639
5 0.285953 0.587227 0.028031 0.058417
5 0.146779 0.620731 0.016432 0.032648