5 0.270971 0.611287 0.028995 0.079037
7 0.366172 0.433449 0.026094 0.067009
7 0.414984 0.549412 0.025135 0.058398
7 0.017573 0.570907 0.035146 0.080759
7 0.050612 0.588949 0.017401 0.044676
5 0.366656 0.665407 0.104385 0.152926
5 0.090240 0.671421 0.123708 0.123713
5 0.192688 0.623310 0.057990 0.068731
5 0.247779 0.609565 0.025130 0.027500
4 0.414982 0.513347 0.019328 0.034361
5 0.283055 0.594963 0.026099 0.056704
6 0.437211 0.613000 0.009661 0.048111
6 0.444943 0.604412 0.013531 0.061861
7 0.130346 0.585509 0.020297 0.048111