5 0.241495 0.604407 0.035760 0.054981
5 0.100870 0.627606 0.065719 0.053269
5 0.364724 0.590667 0.027063 0.017185
5 0.288852 0.590662 0.037693 0.068731
5 0.275805 0.597537 0.032859 0.054981
5 0.044635 0.662829 0.089271 0.164954
5 0.394685 0.717815 0.175901 0.254296
7 0.368589 0.449773 0.025125 0.065287
7 0.405318 0.542556 0.027063 0.030926
7 0.090237 0.584648 0.019328 0.032648
7 0.148711 0.582074 0.020297 0.041241
7 0.276771 0.517639 0.021260 0.063574
7 0.437693 0.547713 0.022229 0.048111
5 0.133729 0.623310 0.054125 0.037806