7 0.379221 0.204069 0.042526 0.137454
7 0.482151 0.485852 0.066687 0.096222
4 0.491336 0.399940 0.056057 0.082472
5 0.294651 0.588949 0.018365 0.068731
5 0.166107 0.635338 0.064755 0.085917
5 0.215401 0.613005 0.035760 0.075602
7 0.239081 0.485852 0.042526 0.072167
4 0.733451 0.431750 0.057005 0.097981
5 0.249227 0.615579 0.029964 0.067009
5 0.266625 0.594102 0.049292 0.085907
6 0.529992 0.583792 0.025130 0.072157
6 0.481669 0.609565 0.017401 0.079037
5 0.383570 0.695477 0.176870 0.213065
5 0.564305 0.619014 0.091818 0.101380