7 0.031281 0.602694 0.027063 0.065296
6 0.449773 0.608708 0.015464 0.053269
6 0.439143 0.606991 0.017401 0.070444
5 0.371490 0.686884 0.137240 0.195880
5 0.170940 0.646505 0.095682 0.108250
5 0.032250 0.677435 0.061854 0.122000
5 0.237630 0.605269 0.031896 0.056704
5 0.267107 0.610421 0.025130 0.036083
5 0.281122 0.592384 0.024161 0.061861
5 0.065594 0.633620 0.062823 0.048111
5 0.098935 0.627606 0.028995 0.049824
5 0.402901 0.619014 0.053156 0.080750
7 0.370521 0.417981 0.027063 0.070444
7 0.417880 0.552866 0.021260 0.051546
7 0.448326 0.549431 0.020297 0.058417
7 0.113432 0.573481 0.030927 0.065296
4 0.421263 0.503898 0.022234 0.039519