5 0.240529 0.608708 0.022234 0.049824
5 0.097490 0.636194 0.049292 0.039519
5 0.055445 0.641352 0.063786 0.036074
5 0.362789 0.577778 0.019328 0.049833
5 0.274839 0.596681 0.032865 0.073880
5 0.182539 0.627606 0.130474 0.156361
5 0.383570 0.719532 0.167203 0.271472
7 0.362307 0.448912 0.024167 0.056694
7 0.405799 0.543412 0.020297 0.042954
7 0.434310 0.552861 0.023193 0.085907
7 0.087823 0.580356 0.018365 0.044676
7 0.070427 0.578639 0.022229 0.061852
7 0.142911 0.579495 0.022229 0.029213
4 0.403383 0.516782 0.019328 0.020620