6 0.782977 0.603944 0.024266 0.088333
6 0.708445 0.609079 0.011557 0.086287
6 0.692268 0.613185 0.023109 0.086278
6 0.522984 0.614213 0.017333 0.059574
6 0.480807 0.614213 0.013865 0.059574
6 0.168815 0.644005 0.023109 0.073954
8 0.609216 0.570602 0.020172 0.056963
2 0.610997 0.624403 0.021359 0.050639
6 0.067128 0.659407 0.011557 0.051352
6 0.080995 0.661463 0.016177 0.051352
6 0.141081 0.647079 0.023109 0.071898
6 0.494674 0.617296 0.013870 0.069852
6 0.579604 0.610106 0.015021 0.067787
6 0.591161 0.612162 0.012708 0.080120
6 0.376232 0.621403 0.019641 0.078065
6 0.394719 0.619347 0.017333 0.073954
6 0.748313 0.623458 0.028885 0.131472
6 0.832086 0.605995 0.027734 0.096546
6 0.814177 0.599833 0.021958 0.092444