4 0.052057 0.561111 0.026104 0.050630
6 0.744266 0.739731 0.083198 0.328685
6 0.700357 0.671940 0.046224 0.217750
6 0.650672 0.696588 0.048531 0.258843
6 0.612536 0.704806 0.046219 0.258833
6 0.514318 0.694532 0.048531 0.254731
6 0.569784 0.659616 0.039286 0.193102
6 0.480229 0.681181 0.033510 0.219806
6 0.440365 0.686727 0.048531 0.223917
6 0.399919 0.681593 0.039286 0.209537
6 0.342721 0.685704 0.045068 0.168444
6 0.283789 0.667213 0.042755 0.168444
6 0.083883 0.652833 0.024266 0.106815
6 0.064240 0.651810 0.026573 0.104769
7 0.794818 0.362588 0.056958 0.107602
7 0.402016 0.323560 0.030854 0.101269
8 0.078164 0.498875 0.023734 0.056954
8 0.814872 0.244023 0.070016 0.116028