8 0.986531 0.633894 0.022667 0.069620
6 0.845953 0.610102 0.020802 0.092444
6 0.828044 0.609079 0.024266 0.098602
6 0.658180 0.613185 0.024266 0.086278
6 0.706135 0.608051 0.020802 0.067787
6 0.560539 0.616269 0.020797 0.076000
6 0.539740 0.617296 0.020802 0.086278
6 0.342143 0.633731 0.023109 0.086278
6 0.107573 0.689194 0.030042 0.164333
6 0.085039 0.695356 0.038130 0.160231
5 0.717690 0.600861 0.030047 0.057519
8 0.137500 0.534741 0.037979 0.061185
8 0.985167 0.550986 0.028479 0.075954
8 0.742128 0.534736 0.013057 0.040083
8 0.494698 0.561116 0.016615 0.042194