7 0.533148 0.128407 0.029672 0.137130
6 0.592430 0.614417 0.024266 0.063685
6 0.150443 0.648315 0.032354 0.106815
5 0.309906 0.609282 0.046219 0.069843
5 0.461857 0.617500 0.045068 0.069852
5 0.424302 0.634963 0.053156 0.080111
5 0.359594 0.700699 0.115552 0.170509
5 0.829255 0.735620 0.336375 0.343056
3 0.194224 0.327352 0.051031 0.084389
3 0.819146 0.398241 0.037979 0.090722
3 0.779984 0.441514 0.028479 0.050676
3 0.784078 0.437167 0.008427 0.004426
7 0.182357 0.453935 0.027297 0.109704
7 0.830419 0.480731 0.018984 0.094944
4 0.310641 0.551403 0.014240 0.042194
4 0.487461 0.557736 0.011870 0.033750