4 0.473219 0.548241 0.016615 0.031648
7 0.558664 0.541912 0.011870 0.031639
4 0.435245 0.561954 0.016615 0.025315
4 0.324286 0.561954 0.017802 0.021093
4 0.326661 0.545079 0.013052 0.021102
7 0.644104 0.518708 0.016615 0.048528
7 0.465505 0.318287 0.015427 0.078056
7 0.267208 0.510903 0.018990 0.071731
5 0.770776 0.599014 0.067385 0.094491
3 0.269224 0.436639 0.026104 0.050630
3 0.641258 0.469338 0.027297 0.048528
5 0.406391 0.594903 0.063552 0.053417
5 0.143508 0.619556 0.043911 0.090389
5 0.283328 0.622634 0.113240 0.076009
5 0.672161 0.609287 0.098219 0.086278
5 0.537544 0.610310 0.080891 0.047250
5 0.622474 0.756162 0.280792 0.301972
5 0.342260 0.771574 0.201062 0.295815
6 0.464747 0.594903 0.023109 0.036972
6 0.201865 0.630856 0.031198 0.104769