3 0.263055 0.433898 0.027297 0.052741
4 0.324286 0.555625 0.013052 0.042194
4 0.434057 0.568282 0.014240 0.033750
4 0.474406 0.556681 0.016615 0.031639
7 0.649445 0.522926 0.022547 0.052741
6 0.193198 0.635991 0.036979 0.110926
5 0.245195 0.628796 0.090130 0.059574
5 0.323771 0.602093 0.039292 0.051352
5 0.762872 0.607231 0.078578 0.053407
5 0.671586 0.605176 0.110932 0.069852
5 0.546211 0.611338 0.075109 0.045194
5 0.426612 0.615444 0.090130 0.065741
5 0.334747 0.774648 0.206839 0.293759
5 0.637497 0.760269 0.294661 0.297870
3 0.647073 0.474194 0.030854 0.052741
7 0.264833 0.508792 0.021365 0.059065
7 0.468471 0.314065 0.021359 0.078056
7 0.560443 0.545079 0.010677 0.021102