4 0.438805 0.566176 0.018984 0.029537
4 0.299958 0.547185 0.016615 0.050630
7 0.200870 0.518704 0.010677 0.031648
7 0.028203 0.264486 0.047469 0.151898
3 0.645292 0.493389 0.011865 0.035870
3 0.029393 0.063014 0.054589 0.124472
3 0.981607 0.361111 0.035599 0.075944
5 0.293148 0.607227 0.040443 0.073954
5 0.363638 0.709940 0.137505 0.197213
5 0.443945 0.614417 0.036974 0.059574
5 0.409279 0.625718 0.041599 0.069843
5 0.872589 0.624690 0.117979 0.096546
5 0.930367 0.631880 0.111047 0.098611
5 0.965609 0.633935 0.068292 0.115037
5 0.612651 0.654477 0.147906 0.168454
6 0.700471 0.614421 0.023109 0.080120
4 0.502888 0.544023 0.014245 0.040083