3 0.644104 0.471028 0.029667 0.059074
3 0.265427 0.431787 0.032042 0.065407
5 0.621898 0.607227 0.092443 0.045194
5 0.320305 0.602093 0.034661 0.059574
5 0.422570 0.612366 0.045068 0.047250
5 0.636341 0.768486 0.290036 0.310194
5 0.338216 0.772597 0.206839 0.289657
6 0.185107 0.642148 0.027734 0.086278
5 0.250974 0.626745 0.094750 0.063676
5 0.380969 0.593875 0.031198 0.039028
7 0.263052 0.510903 0.017802 0.075954
7 0.649445 0.521870 0.024922 0.059074
4 0.323693 0.551407 0.014240 0.033759
4 0.433466 0.565120 0.013057 0.031648
4 0.473219 0.554574 0.011865 0.031648
7 0.559852 0.544019 0.009495 0.027426
7 0.467880 0.314065 0.017802 0.078056