5 0.620740 0.677074 0.117865 0.147907
5 0.771539 0.726375 0.255370 0.213639
5 0.929208 0.779787 0.134156 0.267056
5 0.342260 0.656532 0.064708 0.098602
6 0.430656 0.610310 0.015021 0.047250
8 0.856409 0.440222 0.041536 0.086500
4 0.140349 0.608366 0.013052 0.037972
6 0.583766 0.595931 0.018490 0.047250
6 0.599943 0.593875 0.020802 0.051361
7 0.381844 0.534528 0.009490 0.033759
7 0.283940 0.584106 0.013057 0.031639
5 0.473411 0.619556 0.065865 0.098611
5 0.492479 0.643176 0.050844 0.084222
5 0.541589 0.656532 0.077417 0.115046