3 0.089797 0.479255 0.015427 0.050639
4 0.054786 0.473981 0.033229 0.061185
5 0.394836 0.747949 0.181422 0.277324
6 0.604565 0.576417 0.030047 0.061630
6 0.559497 0.586685 0.023109 0.065741
5 0.259063 0.621606 0.078573 0.078065
5 0.412745 0.610315 0.099375 0.059574
5 0.331859 0.615449 0.085510 0.073954
5 0.465326 0.597986 0.040443 0.063676
5 0.776737 0.718157 0.443724 0.410852
7 0.047786 0.527144 0.015427 0.061176
7 0.486867 0.321449 0.017797 0.080176
7 0.578719 0.495079 0.017802 0.048528
3 0.228164 0.515542 0.013057 0.037972