3 0.072586 0.481366 0.021359 0.046417
4 0.309453 0.551403 0.016615 0.042194
4 0.029865 0.479255 0.035604 0.050639
7 0.024643 0.545079 0.018984 0.075954
7 0.488646 0.322505 0.018990 0.073843
7 0.582872 0.509847 0.021359 0.065398
6 0.556609 0.602097 0.031198 0.076009
5 0.360169 0.612361 0.038130 0.059574
5 0.475724 0.617500 0.063552 0.098611
5 0.420258 0.605171 0.047380 0.045194
5 0.149286 0.763352 0.076260 0.262944
5 0.393102 0.722269 0.143286 0.213648
6 0.629409 0.597986 0.028891 0.096546
6 0.865711 0.629824 0.057776 0.184889
3 0.223417 0.525032 0.013052 0.044306