6 0.808513 0.640097 0.042755 0.188991
3 0.231724 0.519764 0.013052 0.042194
3 0.101068 0.485583 0.016615 0.050630
4 0.314203 0.542968 0.014240 0.021102
4 0.072586 0.480310 0.021359 0.035861
7 0.069146 0.521870 0.020177 0.033759
7 0.479747 0.339384 0.017797 0.065398
7 0.566258 0.496130 0.016609 0.050630
5 0.155065 0.639069 0.092443 0.080120
5 0.294883 0.615449 0.080891 0.069843
5 0.383859 0.721241 0.152531 0.248574
6 0.512701 0.606204 0.028891 0.084222
6 0.585497 0.593880 0.026578 0.088333
6 0.608609 0.597981 0.028885 0.092444
6 0.744383 0.601065 0.032359 0.139685
6 0.671583 0.619556 0.034667 0.143796
6 0.767495 0.637014 0.046219 0.186935
6 0.842023 0.617500 0.042755 0.176667
6 0.880159 0.639069 0.042755 0.215694