6 0.686607 0.607231 0.034661 0.123259
5 0.393682 0.750005 0.181417 0.281435
5 0.448570 0.603120 0.073953 0.065741
5 0.300661 0.626745 0.101688 0.076009
5 0.157953 0.642153 0.098219 0.110935
6 0.799849 0.623662 0.050844 0.164343
3 0.229943 0.517653 0.014240 0.042194
3 0.088016 0.476093 0.018990 0.056963
4 0.053005 0.475037 0.029667 0.050630
7 0.578245 0.493389 0.017802 0.052741
7 0.486867 0.323560 0.015432 0.067509
7 0.047667 0.531995 0.018990 0.063287
6 0.656562 0.610310 0.034667 0.137639
6 0.576831 0.605176 0.036974 0.086278