4 0.603164 0.447819 0.018984 0.033750
4 0.010995 0.485796 0.016615 0.059074
5 0.091276 0.671940 0.173802 0.174620
5 0.220352 0.687347 0.137505 0.160231
5 0.326659 0.635991 0.058932 0.090389
5 0.397146 0.682208 0.098219 0.154065
5 0.561810 0.663722 0.134036 0.166389
6 0.483234 0.617500 0.027729 0.053407
6 0.614388 0.616472 0.026578 0.096556
3 0.131922 0.573134 0.011865 0.044306
6 0.781359 0.622639 0.036979 0.145852
4 0.247628 0.568917 0.022547 0.044296
4 0.601268 0.488745 0.022547 0.044306
4 0.013370 0.433051 0.021365 0.046417