5 0.501820 0.571028 0.040349 0.050630
5 0.385523 0.598454 0.040349 0.063296
5 0.267445 0.627991 0.060526 0.088611
5 0.798438 0.794653 0.401229 0.405065
5 0.459096 0.653306 0.087818 0.113926
5 0.347549 0.669130 0.087818 0.132907
5 0.107831 0.783051 0.211234 0.322787
6 0.104271 0.612167 0.028479 0.056963
6 0.524367 0.576301 0.026109 0.061176
6 0.848339 0.581574 0.035604 0.046407
7 0.204906 0.561532 0.015427 0.063287
6 0.730260 0.594236 0.027292 0.071731
7 0.311828 0.395287 0.016615 0.050630
7 0.423964 0.400565 0.015406 0.052741
7 0.492802 0.407315 0.017802 0.050630
7 0.540271 0.540222 0.017802 0.059074
4 0.205497 0.508792 0.021359 0.042194
4 0.540865 0.500139 0.014240 0.029537
6 0.686948 0.586218 0.030854 0.086491
5 0.432992 0.583685 0.040349 0.046407