5 0.086471 0.814310 0.170891 0.371380
6 0.497073 0.574194 0.026104 0.056963
6 0.593792 0.582630 0.029667 0.073833
6 0.963984 0.564699 0.020292 0.050639
6 0.944401 0.563644 0.023854 0.052750
6 0.917169 0.558370 0.035599 0.059074
6 0.724326 0.581579 0.022547 0.071731
6 0.646005 0.588537 0.024917 0.063296
5 0.366534 0.602250 0.194620 0.086500
5 0.429432 0.622292 0.064083 0.097046
5 0.241930 0.645500 0.085443 0.126574
5 0.358823 0.702463 0.124604 0.189870
5 0.514279 0.664491 0.117484 0.139241
5 0.798497 0.786852 0.401109 0.417722
4 0.489201 0.519116 0.015557 0.025287
4 0.246440 0.528833 0.013057 0.027426
7 0.245966 0.555625 0.010682 0.050639
7 0.322508 0.451194 0.009495 0.048519
7 0.403797 0.451194 0.013052 0.048519
7 0.451148 0.445495 0.009495 0.042194