6 0.967010 0.575671 0.045094 0.073843
6 0.793750 0.579889 0.035604 0.056963
6 0.729073 0.588329 0.029667 0.103380
7 0.184732 0.550986 0.020172 0.063287
7 0.305302 0.370394 0.013052 0.069620
5 0.377810 0.589380 0.041536 0.063296
5 0.444859 0.584106 0.045094 0.048528
5 0.319065 0.585162 0.026109 0.050639
5 0.269224 0.627356 0.059333 0.080176
5 0.116138 0.753940 0.227849 0.244731
7 0.435245 0.378833 0.014240 0.056963
7 0.506448 0.386213 0.016615 0.054852
7 0.562221 0.540222 0.023734 0.059074
4 0.563292 0.496134 0.020177 0.037972
4 0.185443 0.499088 0.024917 0.048528
5 0.346359 0.662162 0.080698 0.124472
5 0.444857 0.647398 0.083068 0.103370
5 0.799031 0.798139 0.400042 0.401056
6 0.536234 0.574611 0.030854 0.054852
6 0.076385 0.596769 0.017802 0.027426