6 0.557596 0.609634 0.021359 0.088602
5 0.892247 0.609634 0.075953 0.071731
6 0.665586 0.613852 0.037974 0.113926
5 0.948615 0.596977 0.051031 0.080176
5 0.982318 0.598454 0.035365 0.070463
5 0.484018 0.664486 0.132911 0.156120
5 0.307792 0.637060 0.060521 0.067509
4 0.438214 0.545921 0.016615 0.035861
4 0.143315 0.510056 0.022547 0.031648
4 0.140346 0.536426 0.021359 0.033759
4 0.495768 0.532208 0.017797 0.033750
4 0.698695 0.521662 0.017797 0.037972
4 0.888448 0.579468 0.043906 0.065398
6 0.843000 0.584319 0.034417 0.071731
5 0.192680 0.650773 0.117484 0.175102
6 0.544542 0.603306 0.021365 0.075944