4 0.515349 0.551194 0.014240 0.029537
5 0.842940 0.728833 0.312224 0.537981
5 0.428839 0.671870 0.110365 0.145574
5 0.161828 0.660269 0.098500 0.147685
5 0.276938 0.658157 0.058146 0.067519
5 0.227690 0.639171 0.028484 0.042194
6 0.749844 0.622713 0.033229 0.148519
7 0.682081 0.483264 0.023734 0.063287
7 0.663094 0.483264 0.021365 0.063287
6 0.721359 0.639593 0.033229 0.137130
6 0.638292 0.627986 0.033229 0.147676
6 0.669740 0.636431 0.041531 0.147676
4 0.601859 0.503514 0.023729 0.044306
4 0.514161 0.517440 0.014240 0.033750
4 0.010997 0.503731 0.014245 0.082278
4 0.010997 0.441491 0.011870 0.054852