5 0.521995 0.612801 0.080698 0.099157
5 0.380182 0.662380 0.105615 0.160333
5 0.272784 0.608579 0.090193 0.094935
5 0.054430 0.587481 0.104432 0.086500
5 0.211669 0.590648 0.079505 0.075944
7 0.468354 0.249296 0.020177 0.080167
7 0.706406 0.493181 0.016615 0.061176
7 0.912302 0.499509 0.015427 0.061185
2 0.707477 0.437060 0.033224 0.046417
2 0.905776 0.441491 0.030854 0.046407
7 0.327255 0.511745 0.014240 0.048528
7 0.056565 0.475032 0.022547 0.071731
5 0.816297 0.760481 0.341771 0.331222
5 0.758148 0.589593 0.116297 0.061185