6 0.560562 0.639171 0.034417 0.126583
6 0.531487 0.624403 0.023734 0.088602
6 0.230656 0.631787 0.084260 0.082278
8 0.513568 0.517440 0.015427 0.042194
6 0.136315 0.636005 0.026109 0.065398
6 0.053836 0.645500 0.020172 0.084389
5 0.358583 0.667019 0.094937 0.160333
5 0.453758 0.652884 0.074766 0.090713
6 0.769422 0.664486 0.046281 0.181435
6 0.746875 0.664486 0.041531 0.181435
6 0.716021 0.656046 0.046281 0.173000
6 0.691695 0.646556 0.037974 0.128685
6 0.662023 0.639167 0.037974 0.139241
6 0.627018 0.632843 0.034411 0.109704
6 0.501227 0.627565 0.017797 0.086500