6 0.234810 0.624403 0.037974 0.067509
8 0.546677 0.499296 0.020177 0.052741
5 0.358820 0.666597 0.100870 0.160343
6 0.917169 0.703514 0.087818 0.263713
6 0.862581 0.675037 0.040349 0.202537
6 0.822826 0.662380 0.055776 0.223630
6 0.784258 0.667653 0.052214 0.170880
6 0.732635 0.651829 0.046281 0.185657
6 0.690505 0.632843 0.028479 0.118148
6 0.660839 0.641278 0.033229 0.135019
6 0.618117 0.650773 0.042724 0.162454
6 0.578362 0.628625 0.022547 0.101269
6 0.561750 0.629676 0.017802 0.082278
6 0.530302 0.629676 0.045094 0.107593
6 0.100711 0.634949 0.026109 0.063287
6 0.189716 0.636009 0.056964 0.086500
5 0.470964 0.664491 0.092563 0.109704
3 0.437620 0.565542 0.011865 0.033750