5 0.501820 0.687694 0.130536 0.147685
3 0.441654 0.563644 0.018984 0.037972
6 0.949805 0.684528 0.086630 0.229963
6 0.866141 0.672926 0.075948 0.265815
8 0.601266 0.460269 0.024917 0.063296
5 0.356211 0.669130 0.097307 0.147685
6 0.219383 0.627991 0.040349 0.075944
6 0.174883 0.640644 0.041536 0.097046
6 0.136313 0.652250 0.033229 0.102111
6 0.110206 0.650773 0.023734 0.103380
6 0.060362 0.642333 0.040349 0.082278
6 0.558188 0.632843 0.032042 0.109704
6 0.588448 0.638116 0.030854 0.137139
6 0.615745 0.630731 0.028479 0.130796
6 0.764083 0.645500 0.042719 0.160333
6 0.739161 0.676093 0.047469 0.225741
6 0.705935 0.670815 0.040349 0.219407