6 0.495294 0.623352 0.020172 0.082278
6 0.513034 0.625454 0.017922 0.082278
6 0.130974 0.640222 0.020177 0.082278
6 0.090625 0.642338 0.027292 0.073843
6 0.315635 0.611708 0.007594 0.030120
6 0.334854 0.608282 0.008177 0.036343
4 0.523060 0.532208 0.024922 0.054861
4 0.520690 0.483685 0.024922 0.054852
6 0.241742 0.620019 0.011682 0.040500
6 0.435971 0.602880 0.011099 0.041537
6 0.279711 0.618458 0.012849 0.035306
6 0.265401 0.616380 0.009927 0.039463
6 0.253424 0.616380 0.009349 0.035315
6 0.219253 0.617417 0.011099 0.039463
5 0.409258 0.623347 0.035599 0.069620
6 0.546677 0.640648 0.027292 0.120259
6 0.457911 0.624403 0.021365 0.063287