5 0.915982 0.673981 0.166141 0.183537
5 0.417563 0.679255 0.111552 0.185657
3 0.657042 0.095287 0.089000 0.130796
7 0.674841 0.287269 0.041536 0.194093
7 0.628086 0.289593 0.045099 0.139241
5 0.146995 0.697190 0.185125 0.204639
5 0.345174 0.633894 0.045099 0.065398
5 0.839437 0.637060 0.062896 0.092824
6 0.702729 0.704991 0.061708 0.303796
6 0.018831 0.641278 0.026109 0.113926
6 0.244898 0.641282 0.020172 0.067509
6 0.049091 0.639171 0.027297 0.113917
6 0.272784 0.637060 0.023734 0.067509
6 0.524367 0.628620 0.023734 0.084389