5 0.291979 0.604435 0.021031 0.028037
7 0.416852 0.543810 0.016609 0.044306
5 0.315930 0.585227 0.022193 0.041546
5 0.371716 0.588343 0.016943 0.024926
7 0.377573 0.458157 0.014240 0.037981
7 0.110086 0.577144 0.011870 0.035861
6 0.448417 0.609000 0.033229 0.084389
6 0.467997 0.619551 0.022547 0.105491
6 0.483427 0.604782 0.015427 0.092824
5 0.097154 0.639593 0.085443 0.065407
5 0.400951 0.699718 0.128161 0.215194
7 0.167643 0.584528 0.008307 0.033759
5 0.259792 0.608801 0.022781 0.033231
5 0.275917 0.599764 0.015771 0.035306