5 0.279904 0.598454 0.023734 0.046407
5 0.262698 0.601620 0.022552 0.056963
5 0.075198 0.644866 0.070021 0.071731
6 0.443672 0.610060 0.033229 0.094935
7 0.377096 0.463222 0.014245 0.048519
7 0.173576 0.584532 0.013057 0.037972
7 0.117799 0.576088 0.010682 0.037972
6 0.468591 0.615329 0.021359 0.097046
6 0.479271 0.613222 0.016615 0.101259
5 0.396560 0.690222 0.113922 0.194093
7 0.413292 0.540227 0.013052 0.042194
5 0.320602 0.582111 0.024536 0.037389
5 0.139875 0.629042 0.080698 0.044306
5 0.295331 0.599509 0.021359 0.035870