7 0.085047 0.581574 0.010677 0.027426
7 0.406646 0.546764 0.015427 0.037972
7 0.364635 0.452037 0.016615 0.050630
5 0.292854 0.591977 0.028625 0.040509
5 0.275622 0.609116 0.021026 0.033231
5 0.246065 0.616069 0.031547 0.035306
6 0.512503 0.625880 0.023734 0.143463
6 0.487581 0.629042 0.021359 0.094935
6 0.474526 0.636426 0.018990 0.105481
6 0.451385 0.623769 0.020177 0.109704
5 0.386711 0.721870 0.149526 0.234185
5 0.071638 0.663856 0.119859 0.092824
7 0.429786 0.552037 0.009490 0.027426
7 0.146281 0.580310 0.010677 0.029528