4 0.517010 0.357949 0.048656 0.073843
5 0.294568 0.602824 0.019458 0.031537
7 0.381130 0.102671 0.030854 0.145565
7 0.520096 0.447819 0.023734 0.101269
7 0.507042 0.518495 0.011865 0.040083
7 0.538490 0.529042 0.010677 0.040083
5 0.400724 0.683917 0.133917 0.170926
5 0.242773 0.616056 0.039484 0.049852
5 0.262232 0.593667 0.044068 0.068167
6 0.494867 0.607917 0.012589 0.066130
6 0.506602 0.606389 0.012016 0.065111
6 0.544086 0.602829 0.012589 0.076306
6 0.415604 0.585532 0.008583 0.027472
5 0.319174 0.590620 0.032047 0.033574