6 0.432398 0.605838 0.036786 0.061176
7 0.405578 0.544866 0.017802 0.059065
7 0.363331 0.451829 0.014245 0.054861
7 0.067839 0.575245 0.016615 0.035861
5 0.244896 0.609319 0.029208 0.034269
7 0.432159 0.553093 0.004745 0.025315
5 0.275039 0.608069 0.019859 0.033231
5 0.385523 0.719759 0.149526 0.229963
6 0.579313 0.652250 0.033229 0.219407
6 0.556409 0.675454 0.040349 0.166667
5 0.364755 0.597398 0.093750 0.044296
5 0.086471 0.657523 0.116297 0.088602
7 0.086354 0.581787 0.013052 0.031648
6 0.516060 0.652250 0.035599 0.196204