8 0.881505 0.538204 0.007333 0.014704
8 0.865646 0.517167 0.012958 0.024704
4 0.705060 0.687458 0.062307 0.107417
4 0.334417 0.584713 0.007698 0.031019
4 0.501385 0.596227 0.011969 0.022750
4 0.589305 0.647208 0.012141 0.028139
5 0.849341 0.574644 0.020620 0.027639
5 0.863542 0.589968 0.033469 0.039065
5 0.781901 0.573741 0.016229 0.018630
5 0.777508 0.581255 0.017578 0.018028
5 0.880680 0.601269 0.044620 0.042667
5 0.739961 0.601343 0.026307 0.041241
5 0.724435 0.607120 0.030495 0.047074
6 0.765000 0.584560 0.005406 0.027639
6 0.757901 0.584259 0.006083 0.030056