4 0.398971 0.637352 0.017797 0.032963
8 0.590747 0.561662 0.006099 0.014713
4 0.205273 0.598602 0.005464 0.021611
5 0.936841 0.625653 0.114495 0.059194
4 0.337141 0.610213 0.011240 0.017315
5 0.579552 0.597565 0.007792 0.016722
5 0.617802 0.600319 0.014073 0.023620
5 0.604750 0.616310 0.022781 0.036343
5 0.986237 0.615787 0.027526 0.054000
5 0.508607 0.622630 0.029016 0.033056
5 0.525227 0.617125 0.020005 0.031046
5 0.570161 0.602347 0.012958 0.020528
6 0.556919 0.602097 0.004505 0.020028
6 0.561003 0.602852 0.003661 0.021537