5 0.557669 0.613685 0.025130 0.055037
6 0.620690 0.643764 0.039151 0.130250
8 0.177302 0.537481 0.014208 0.030241
4 0.381930 0.577222 0.006776 0.011889
8 0.266273 0.588264 0.005151 0.011657
4 0.101187 0.590727 0.008198 0.033528
4 0.488654 0.504940 0.017755 0.031120
4 0.725526 0.389398 0.050885 0.118074
4 0.381464 0.590935 0.007479 0.013296
4 0.396206 0.577639 0.007047 0.013685
4 0.045187 0.593042 0.009625 0.038620
8 0.138201 0.558435 0.018109 0.039963
8 0.517513 0.552847 0.007151 0.019731
5 0.238417 0.653708 0.067115 0.079546
5 0.073510 0.738477 0.144490 0.186435
5 0.272125 0.641958 0.020229 0.041620
5 0.289453 0.638125 0.020417 0.031972
5 0.300576 0.636745 0.007807 0.022546
5 0.346953 0.639259 0.028771 0.047944
5 0.538039 0.610676 0.022766 0.032370