5 0.328378 0.632801 0.029599 0.048954
5 0.634193 0.775565 0.364365 0.422685
5 0.077164 0.705977 0.154328 0.300694
5 0.163510 0.680204 0.089885 0.135741
5 0.232102 0.654301 0.053214 0.071120
5 0.256523 0.642060 0.020682 0.045157
5 0.267289 0.634583 0.020005 0.036759
5 0.282464 0.626394 0.019781 0.032361
5 0.294049 0.627491 0.007807 0.021389
8 0.257151 0.577074 0.005781 0.013889
5 0.451552 0.692968 0.088948 0.188509
5 0.399049 0.651912 0.049078 0.081250
4 0.427057 0.555421 0.016979 0.030417
4 0.357312 0.591255 0.003448 0.007157
4 0.349992 0.599102 0.004599 0.007056
4 0.390526 0.573468 0.008531 0.019843
8 0.252047 0.589898 0.005781 0.015648