5 0.869469 0.760500 0.261063 0.468926
5 0.717117 0.675199 0.130859 0.159917
5 0.342542 0.675782 0.139604 0.100231
5 0.377510 0.643546 0.145646 0.113389
5 0.460737 0.652514 0.031547 0.073972
5 0.458589 0.624944 0.030750 0.039796
5 0.476552 0.628306 0.027781 0.054185
5 0.492711 0.629023 0.016453 0.037398
5 0.504320 0.618954 0.030505 0.045074
5 0.505682 0.612236 0.053677 0.051787
5 0.538750 0.593611 0.031219 0.030796
5 0.648813 0.645657 0.051271 0.096093
5 0.622758 0.626935 0.024724 0.053278
5 0.607917 0.619093 0.017688 0.042093
5 0.591474 0.595657 0.017021 0.030833
5 0.599714 0.614255 0.009427 0.031028
5 0.594237 0.611051 0.009974 0.028954
8 0.262797 0.478241 0.021042 0.056389