5 0.315091 0.638079 0.050339 0.072787
8 0.489104 0.561583 0.006594 0.016056
8 0.477083 0.563565 0.004479 0.012500
5 0.025076 0.781981 0.048328 0.231481
5 0.124141 0.689384 0.246990 0.263694
5 0.208036 0.655380 0.088594 0.102611
5 0.242268 0.647028 0.100672 0.107389
5 0.340102 0.632833 0.034651 0.055611
5 0.358552 0.624005 0.022104 0.043287
5 0.371008 0.621009 0.017797 0.033296
5 0.380844 0.619509 0.017979 0.035630
5 0.365664 0.602194 0.061797 0.054944
5 0.779979 0.812815 0.433760 0.371130
5 0.567945 0.690500 0.117453 0.163074
5 0.507094 0.655597 0.053135 0.089491
5 0.484401 0.642255 0.040729 0.075769
5 0.459932 0.607968 0.035073 0.061380