5 0.306242 0.638662 0.016182 0.052269
8 0.025414 0.453972 0.034391 0.073130
5 0.294552 0.645653 0.023490 0.075565
5 0.250646 0.640681 0.069917 0.099435
5 0.247010 0.666037 0.057052 0.094463
5 0.208138 0.685926 0.050901 0.140204
5 0.109401 0.725218 0.213469 0.244435
5 0.712091 0.827796 0.318943 0.335056
5 0.385477 0.632106 0.028995 0.042750
5 0.348888 0.634056 0.026161 0.041241
5 0.328391 0.635259 0.020229 0.045556
8 0.285487 0.576838 0.004516 0.017935
8 0.392031 0.586866 0.005958 0.015713
4 0.352833 0.601296 0.005229 0.010500
5 0.442000 0.662537 0.039146 0.091241
5 0.422333 0.651546 0.032031 0.075259
5 0.410253 0.640556 0.024349 0.055944
5 0.520081 0.682037 0.154641 0.207611
5 0.315846 0.636935 0.015641 0.045074