4 0.324284 0.565481 0.010297 0.016000
4 0.324771 0.550444 0.007375 0.011370
4 0.473745 0.546676 0.006635 0.011333
3 0.435203 0.568315 0.013021 0.014852
4 0.473682 0.560782 0.009104 0.015491
5 0.123935 0.617801 0.026703 0.060417
5 0.200133 0.617083 0.159682 0.099259
5 0.338734 0.778829 0.202000 0.297250
5 0.639315 0.781407 0.296714 0.323019
5 0.523177 0.619912 0.101375 0.056620
5 0.638057 0.605449 0.056000 0.037398
5 0.683049 0.605162 0.082536 0.060991
6 0.196167 0.634343 0.021042 0.092074
5 0.321174 0.602458 0.026724 0.043639
5 0.336695 0.601495 0.011870 0.025417
5 0.345464 0.596222 0.010521 0.022537
5 0.393490 0.606056 0.020208 0.026852
5 0.379719 0.594306 0.007823 0.013907
6 0.468367 0.600153 0.005464 0.029602
6 0.476615 0.600731 0.005854 0.036537
7 0.262187 0.509398 0.011083 0.050778
7 0.468021 0.316106 0.012813 0.067935
7 0.648383 0.522431 0.010297 0.047602
3 0.644557 0.470755 0.022927 0.041157
3 0.265154 0.435620 0.025286 0.042630