5 0.346328 0.596245 0.011052 0.023120
5 0.378872 0.593833 0.008849 0.008519
5 0.770021 0.599694 0.070885 0.061000
5 0.641352 0.773000 0.296245 0.308111
5 0.611557 0.606532 0.040240 0.036769
5 0.559635 0.615926 0.086990 0.057944
5 0.384029 0.622944 0.097214 0.052611
5 0.336909 0.601380 0.011318 0.026370
7 0.467706 0.316519 0.012682 0.067259
7 0.648352 0.522005 0.009755 0.046250
7 0.262609 0.508815 0.009927 0.050944
3 0.644471 0.471426 0.020682 0.040704
3 0.265586 0.435949 0.024547 0.043157
4 0.435047 0.568333 0.012031 0.014074
4 0.473862 0.560338 0.009109 0.014454
4 0.324615 0.565032 0.009937 0.016324
4 0.324917 0.550458 0.007000 0.010843
4 0.473922 0.546583 0.006021 0.010148
5 0.319625 0.602458 0.026542 0.045454
5 0.348451 0.776963 0.218266 0.282074
6 0.197521 0.635426 0.015281 0.093907
6 0.469448 0.600731 0.005979 0.030519
6 0.479141 0.594833 0.005854 0.023815