7 0.484169 0.555287 0.006505 0.029481
5 0.439932 0.622370 0.053406 0.047759
5 0.353026 0.614310 0.069271 0.045454
5 0.404169 0.602801 0.028484 0.013231
6 0.201289 0.624722 0.012484 0.055500
5 0.286609 0.602907 0.018573 0.033852
5 0.300141 0.603171 0.010302 0.022731
5 0.309276 0.598468 0.009521 0.021083
5 0.301917 0.656889 0.061823 0.093222
5 0.071776 0.720824 0.139271 0.231685
5 0.396560 0.654014 0.064411 0.090343
3 0.258362 0.506069 0.015297 0.028028
3 0.484094 0.527787 0.015500 0.024481
7 0.257266 0.546611 0.008490 0.035296
7 0.379336 0.436417 0.007182 0.038019