5 0.729396 0.613579 0.071479 0.055620
6 0.667680 0.603250 0.007047 0.031796
6 0.663552 0.603250 0.005083 0.034500
5 0.343289 0.602218 0.010339 0.021583
6 0.196154 0.642940 0.015922 0.085880
6 0.549503 0.612713 0.007807 0.048759
5 0.401638 0.608269 0.029661 0.034222
5 0.350927 0.703051 0.123104 0.176083
5 0.439667 0.646773 0.066031 0.092528
5 0.315190 0.607810 0.026974 0.047157
5 0.332273 0.608611 0.013484 0.031963
5 0.492539 0.624449 0.053224 0.075194
6 0.542240 0.611843 0.007375 0.049333
5 0.375198 0.600667 0.008021 0.010019
6 0.365875 0.600861 0.004771 0.016963
6 0.440401 0.597968 0.005573 0.017398
4 0.320437 0.553671 0.006625 0.011102
7 0.242922 0.502486 0.011615 0.062602
7 0.691901 0.518486 0.011448 0.054343
7 0.482495 0.278667 0.013490 0.079519
3 0.686945 0.458852 0.024026 0.044648
3 0.247729 0.414694 0.030323 0.048944
4 0.477490 0.564620 0.009271 0.015833
4 0.477724 0.550269 0.006510 0.010833
4 0.319750 0.569894 0.010615 0.017935
5 0.792245 0.615500 0.111396 0.061370
5 0.745310 0.618375 0.052057 0.052750