5 0.361518 0.609528 0.008766 0.019185
7 0.722974 0.515569 0.009625 0.029602
7 0.129609 0.504218 0.011708 0.032380
4 0.719320 0.472704 0.012318 0.036833
4 0.517813 0.553014 0.013229 0.024157
4 0.517484 0.531329 0.009896 0.017602
4 0.436096 0.573282 0.015932 0.019046
4 0.268995 0.556944 0.017542 0.027537
4 0.270451 0.531727 0.012880 0.021231
4 0.042435 0.508056 0.012318 0.026278
4 0.039549 0.541894 0.015453 0.041398
5 0.373992 0.617519 0.022026 0.035167
5 0.316898 0.610847 0.015505 0.029565
5 0.295635 0.616083 0.023823 0.034759
5 0.265469 0.609662 0.045302 0.063639
5 0.270781 0.742903 0.214781 0.248583
6 0.018031 0.671556 0.034250 0.149611
6 0.807922 0.622403 0.021365 0.081491
5 0.974164 0.638282 0.051661 0.104954
6 0.671833 0.629435 0.017979 0.078259
5 0.537820 0.651264 0.110693 0.111861
5 0.435469 0.622315 0.036635 0.057537
5 0.397255 0.613528 0.019104 0.030370