4 0.357279 0.571102 0.006089 0.009148
4 0.313620 0.537546 0.006302 0.009722
4 0.313617 0.551472 0.009203 0.015759
4 0.272094 0.554639 0.004063 0.016667
5 0.395565 0.742005 0.171818 0.249380
4 0.230055 0.514625 0.006672 0.021731
4 0.087714 0.477787 0.010417 0.038148
5 0.143336 0.636287 0.078526 0.076370
5 0.206427 0.643444 0.118802 0.073981
5 0.339320 0.616602 0.091953 0.063241
5 0.368237 0.594065 0.030349 0.027574
5 0.413755 0.597843 0.031917 0.036796
5 0.456911 0.605255 0.048552 0.049157
6 0.817828 0.621847 0.050104 0.162269
6 0.675318 0.607486 0.032625 0.111176
6 0.642372 0.606931 0.033943 0.113083
6 0.569857 0.593056 0.014047 0.058963
6 0.540289 0.587764 0.008974 0.036769
6 0.547182 0.582787 0.006896 0.041630
6 0.521362 0.583269 0.009536 0.039889
6 0.491406 0.590542 0.008219 0.030991
7 0.579292 0.496046 0.008750 0.041778
7 0.487685 0.323921 0.010911 0.059139
7 0.048042 0.529986 0.013531 0.054472
4 0.051966 0.478440 0.032401 0.045157
4 0.582685 0.451778 0.018755 0.029870
4 0.496542 0.526148 0.006208 0.011037
4 0.496292 0.540593 0.008469 0.015389
4 0.357466 0.561681 0.004578 0.008361