4 0.550133 0.483176 0.072495 0.096241
6 0.669414 0.636556 0.026797 0.122222
5 0.057276 0.657343 0.083510 0.076648
5 0.110875 0.654926 0.037677 0.055241
5 0.144669 0.638699 0.044672 0.051787
5 0.292458 0.665282 0.066031 0.092528
5 0.399729 0.630509 0.031917 0.045148
5 0.376464 0.629509 0.022250 0.042352
5 0.367813 0.629509 0.011687 0.033574
5 0.360393 0.625315 0.016630 0.031574
5 0.351169 0.626713 0.010359 0.023981
5 0.338253 0.616324 0.016411 0.031167
5 0.343310 0.624116 0.007193 0.021176
5 0.338253 0.622917 0.007422 0.018778
6 0.186724 0.629569 0.007375 0.028713
8 0.029651 0.574264 0.011854 0.024972
8 0.405365 0.571644 0.005573 0.015120
4 0.119703 0.600111 0.006323 0.014593
4 0.471344 0.548204 0.012104 0.022963