4 0.445802 0.573787 0.004802 0.008667
5 0.386464 0.606324 0.012177 0.020648
5 0.373820 0.611819 0.016484 0.022306
5 0.354740 0.617926 0.021667 0.031185
5 0.314940 0.639866 0.068047 0.091972
5 0.407659 0.684366 0.099276 0.147491
5 0.732477 0.740468 0.325797 0.326472
5 0.087448 0.822495 0.173854 0.336417
5 0.423271 0.608491 0.011240 0.018981
5 0.443688 0.613486 0.028844 0.048287
6 0.532438 0.616880 0.013260 0.078722
6 0.521221 0.615681 0.011016 0.064731
6 0.512117 0.616481 0.010786 0.059944
6 0.472555 0.610491 0.006745 0.035167
6 0.481211 0.609889 0.007870 0.035556
5 0.403039 0.606491 0.017984 0.021648
4 0.074880 0.532569 0.013740 0.037787
4 0.184419 0.533847 0.018276 0.030157
4 0.185125 0.507106 0.014219 0.023194
4 0.212474 0.582676 0.007562 0.018722
4 0.289956 0.566116 0.007922 0.012157
4 0.289729 0.580356 0.009813 0.015046
4 0.336151 0.586750 0.005500 0.009889
4 0.777898 0.409269 0.019224 0.044796
4 0.528581 0.526963 0.016380 0.026722
4 0.528492 0.502245 0.010797 0.020157
7 0.644177 0.511218 0.008531 0.030528
4 0.336458 0.578009 0.004167 0.007315
4 0.465786 0.577255 0.007875 0.013194
4 0.465378 0.563120 0.006901 0.011870
4 0.446477 0.582852 0.006599 0.009204