5 0.351810 0.616949 0.013672 0.024306
7 0.957419 0.352625 0.065786 0.092880
4 0.287641 0.572426 0.006667 0.011296
4 0.287042 0.585111 0.008906 0.013889
4 0.443661 0.570972 0.004740 0.008889
4 0.444000 0.583194 0.008021 0.012037
4 0.490510 0.547222 0.010385 0.021037
4 0.490828 0.572440 0.011927 0.023287
4 0.164169 0.536810 0.012422 0.021861
4 0.989547 0.166505 0.020906 0.096583
4 0.988854 0.283736 0.022292 0.121361
5 0.862086 0.802023 0.275828 0.384880
5 0.396969 0.612037 0.008271 0.015815
5 0.368096 0.609787 0.007286 0.014648
5 0.360896 0.613120 0.010490 0.017981
5 0.380552 0.612120 0.014219 0.018648
5 0.410062 0.617116 0.021542 0.033306
5 0.380622 0.674176 0.071776 0.111037
5 0.328885 0.630676 0.034490 0.052204
5 0.279945 0.661333 0.068047 0.090315
5 0.176984 0.653130 0.116521 0.106889
5 0.479896 0.648583 0.065542 0.086315
6 0.454003 0.615255 0.004589 0.034046
6 0.449417 0.613819 0.003510 0.029250
6 0.445237 0.613102 0.004318 0.026852
6 0.438224 0.613097 0.007552 0.029731
6 0.908680 0.626546 0.051453 0.133278
6 0.848284 0.654403 0.050318 0.155120