7 0.243599 0.575009 0.004687 0.021019
4 0.635349 0.527315 0.014906 0.039630
4 0.743656 0.479690 0.017062 0.030528
5 0.354138 0.663139 0.073411 0.104963
6 0.475003 0.606995 0.007807 0.046250
6 0.482156 0.607000 0.005979 0.038389
6 0.485594 0.604685 0.004833 0.041630
6 0.504661 0.608042 0.011448 0.043250
6 0.520268 0.616366 0.017432 0.066361
6 0.540951 0.612782 0.015609 0.061972
6 0.314628 0.618745 0.012172 0.041620
4 0.451891 0.559139 0.004250 0.006889
4 0.462922 0.539361 0.006062 0.012000
4 0.332115 0.566324 0.003938 0.007556
4 0.195773 0.557856 0.009974 0.017731
4 0.196073 0.573653 0.007573 0.011731
4 0.097771 0.542759 0.003625 0.014111
7 0.418781 0.483657 0.004583 0.024815
7 0.460953 0.558056 0.005000 0.018000