4 0.235711 0.529426 0.009536 0.014833
6 0.799927 0.567583 0.025573 0.037981
6 0.637279 0.609880 0.027839 0.082278
6 0.508404 0.609593 0.010766 0.058556
6 0.501458 0.610148 0.007802 0.051889
6 0.495526 0.609870 0.007802 0.050222
6 0.582859 0.599880 0.008896 0.059111
6 0.471331 0.606819 0.006245 0.030806
6 0.478591 0.607931 0.005464 0.028583
5 0.297013 0.651310 0.087641 0.104417
5 0.337089 0.622718 0.027969 0.037287
5 0.401177 0.689421 0.097417 0.150806
5 0.373810 0.613324 0.018880 0.028370
5 0.809010 0.793079 0.381979 0.413657
5 0.449870 0.613120 0.032594 0.052278
5 0.433198 0.610787 0.008615 0.020315
5 0.407630 0.606625 0.019292 0.023306
5 0.392083 0.607287 0.012177 0.018648
5 0.426922 0.608954 0.006552 0.019981
4 0.974461 0.171074 0.048609 0.107500
4 0.448302 0.575778 0.003542 0.006296
4 0.448698 0.583000 0.004635 0.007593
4 0.348333 0.580759 0.003625 0.006778
4 0.348026 0.587963 0.004219 0.007130
4 0.463273 0.566819 0.006432 0.011065
4 0.463771 0.578671 0.005646 0.011343
4 0.506904 0.519227 0.009214 0.016380
4 0.506576 0.538981 0.010516 0.021963
4 0.669023 0.458870 0.008776 0.029870
4 0.310115 0.571634 0.006323 0.010843
4 0.310003 0.583611 0.007599 0.012574
4 0.235766 0.550912 0.013115 0.023898
4 0.162453 0.553361 0.006896 0.027056
4 0.050203 0.471190 0.015104 0.037880
7 0.718516 0.490653 0.010073 0.027472
7 0.704073 0.484681 0.012094 0.020306
7 0.937385 0.296542 0.058521 0.082528
7 0.984253 0.307264 0.031495 0.132083