4 0.324052 0.567444 0.005625 0.008148
5 0.358482 0.662856 0.072714 0.106398
6 0.460807 0.601032 0.005802 0.028972
6 0.452190 0.601199 0.006182 0.031306
6 0.357786 0.601032 0.009927 0.022972
6 0.388974 0.615218 0.011240 0.048620
6 0.410328 0.608056 0.011240 0.031630
6 0.514758 0.602630 0.004214 0.049111
6 0.506953 0.611787 0.011396 0.055778
6 0.517331 0.608037 0.005620 0.053278
6 0.523576 0.608458 0.009370 0.060213
6 0.538719 0.606931 0.011865 0.058824
6 0.599521 0.615787 0.022927 0.089667
6 0.577810 0.616986 0.027516 0.090157
4 0.133823 0.564741 0.009990 0.016796
4 0.133328 0.542741 0.015844 0.024963
4 0.200180 0.539889 0.011880 0.018722
4 0.269021 0.546764 0.004771 0.014231
4 0.323661 0.559065 0.004531 0.007685
4 0.356630 0.576148 0.003698 0.006296
4 0.356812 0.583046 0.004479 0.006944
4 0.487029 0.519653 0.008776 0.015731
4 0.462729 0.550986 0.004427 0.008528
4 0.462953 0.561454 0.006375 0.010537
4 0.985352 0.425917 0.029297 0.095944
7 0.199995 0.567347 0.005177 0.027472
7 0.430703 0.447778 0.005885 0.032037
7 0.484786 0.543120 0.005521 0.024722