6 0.479138 0.585676 0.004161 0.022204
5 0.199216 0.641611 0.132839 0.066296
5 0.334617 0.610954 0.059661 0.049722
5 0.147714 0.633324 0.070844 0.061315
5 0.022784 0.634000 0.043891 0.043500
5 0.020065 0.659551 0.038453 0.055935
4 0.357294 0.570343 0.005589 0.010037
4 0.357138 0.561468 0.003714 0.006972
4 0.495010 0.540806 0.009156 0.015278
4 0.494289 0.526694 0.006089 0.011148
4 0.062789 0.481648 0.026224 0.042463
4 0.095651 0.480815 0.010458 0.035796
4 0.576466 0.456227 0.016547 0.031639
4 0.232711 0.515620 0.005464 0.022426
4 0.314013 0.537472 0.006641 0.010222
7 0.572695 0.498412 0.009234 0.040694
7 0.483086 0.331028 0.010516 0.057426
7 0.059302 0.531699 0.012031 0.052028
4 0.313812 0.551144 0.008781 0.015991
5 0.390195 0.725898 0.157724 0.224315
6 0.970185 0.648074 0.058266 0.235333
6 0.885357 0.647245 0.053599 0.200528
6 0.901904 0.628602 0.035422 0.191407
6 0.829891 0.641856 0.049875 0.196380
6 0.788875 0.609542 0.041479 0.141694
6 0.747393 0.616588 0.048005 0.150806
6 0.687966 0.620731 0.035422 0.139204
6 0.616187 0.583856 0.016781 0.055509
6 0.603839 0.590074 0.013510 0.071259
6 0.527940 0.602894 0.014609 0.066935
6 0.537398 0.586245 0.007682 0.034972
6 0.544237 0.579921 0.006745 0.043620
6 0.484016 0.590185 0.007417 0.028444