4 0.218596 0.563412 0.008776 0.014269
4 0.139276 0.552727 0.003687 0.012639
4 0.563078 0.547574 0.010833 0.028148
4 0.619284 0.518324 0.012964 0.022074
5 0.950964 0.737301 0.098073 0.405213
5 0.354958 0.659662 0.068781 0.102620
6 0.497133 0.616315 0.015068 0.055315
6 0.514177 0.612778 0.014396 0.052407
6 0.471997 0.603134 0.005307 0.035454
6 0.465331 0.603806 0.006724 0.035648
6 0.454688 0.607037 0.006583 0.034241
6 0.461180 0.607259 0.005266 0.039148
6 0.301773 0.617352 0.008224 0.035500
7 0.449161 0.563176 0.004740 0.015278
7 0.412021 0.498630 0.004531 0.022870
6 0.315234 0.618630 0.009125 0.035815
7 0.259766 0.578889 0.004010 0.019074
4 0.334943 0.569139 0.003677 0.006667
4 0.334831 0.577537 0.004651 0.008796
4 0.218589 0.576014 0.007646 0.010528