5 0.435896 0.597023 0.009667 0.011194
7 0.465224 0.580250 0.002031 0.008796
7 0.355901 0.589926 0.002135 0.007685
7 0.445078 0.536528 0.002448 0.012315
7 0.422708 0.539213 0.002812 0.013056
7 0.386547 0.541921 0.002448 0.013269
7 0.463089 0.580528 0.001823 0.008796
5 0.283661 0.654190 0.080594 0.092065
5 0.339659 0.625995 0.029453 0.051787
5 0.375263 0.622829 0.033984 0.044306
5 0.389828 0.681806 0.085125 0.124296
5 0.514638 0.635773 0.056641 0.063880
5 0.450065 0.628583 0.036255 0.046037
5 0.434542 0.616495 0.019396 0.033380
5 0.395362 0.612472 0.011005 0.016111
5 0.402161 0.611028 0.014240 0.015537