4 0.430271 0.582954 0.006510 0.011296
4 0.429802 0.572583 0.005156 0.008148
4 0.413750 0.580185 0.011771 0.021296
5 0.331417 0.618051 0.023302 0.042120
5 0.301120 0.633245 0.041948 0.058694
5 0.226156 0.636005 0.066031 0.075269
6 0.522974 0.624273 0.022385 0.075287
5 0.900638 0.899245 0.197328 0.199028
5 0.472026 0.649412 0.071927 0.100898
5 0.416091 0.625644 0.032630 0.044880
5 0.370065 0.637731 0.043109 0.060759
6 0.748576 0.646431 0.021849 0.157287
6 0.736573 0.651222 0.035604 0.173593
6 0.704341 0.652662 0.028859 0.170713
6 0.674130 0.652421 0.033177 0.154880
6 0.543552 0.627824 0.017260 0.071926