5 0.341336 0.629213 0.017484 0.030796
5 0.319482 0.628519 0.028411 0.039963
4 0.446573 0.570227 0.008104 0.014083
8 0.258646 0.566815 0.005771 0.016537
7 0.179583 0.302074 0.014896 0.080296
7 0.418542 0.295931 0.012635 0.072769
7 0.554398 0.510199 0.010453 0.049435
5 0.292398 0.628102 0.025755 0.033574
5 0.422615 0.619944 0.034187 0.057444
5 0.459388 0.654074 0.082536 0.100704
5 0.131187 0.751194 0.254375 0.288759
4 0.446492 0.556931 0.006484 0.012639
6 0.545320 0.627509 0.013422 0.106259
6 0.535878 0.621000 0.014203 0.098241
5 0.384193 0.630157 0.010302 0.017981
5 0.401310 0.625500 0.015089 0.030833
5 0.367823 0.625745 0.024875 0.033861