7 0.452117 0.557171 0.003818 0.024546
7 0.197240 0.572139 0.004938 0.027444
7 0.275349 0.466949 0.006927 0.035046
4 0.196786 0.542074 0.011667 0.019963
5 0.468352 0.665435 0.097328 0.112685
5 0.415979 0.626870 0.039333 0.058741
5 0.395414 0.612287 0.021130 0.035167
5 0.361766 0.624042 0.029156 0.040083
5 0.332552 0.618380 0.020552 0.031222
5 0.313148 0.629069 0.033984 0.047954
5 0.203260 0.646764 0.080594 0.085731
5 0.113750 0.768667 0.226323 0.349370
7 0.491245 0.562241 0.002687 0.011000
7 0.385789 0.457037 0.006047 0.033981