5 0.224479 0.640120 0.065719 0.073741
6 0.753508 0.637389 0.035734 0.141556
6 0.815070 0.677431 0.045443 0.198176
6 0.837211 0.698838 0.059422 0.214750
6 0.899742 0.678815 0.049328 0.238222
6 0.955729 0.707046 0.077187 0.317389
8 0.688456 0.483190 0.012203 0.038972
4 0.451417 0.560880 0.021750 0.042000
4 0.531411 0.519616 0.013219 0.024194
4 0.530917 0.550444 0.019573 0.031796
4 0.979417 0.472935 0.036500 0.049370
5 0.927604 0.572287 0.052406 0.044074
5 0.872951 0.591755 0.091599 0.074806
5 0.778206 0.616245 0.079797 0.087509
5 0.572560 0.734083 0.204151 0.211296
5 0.435380 0.634449 0.048000 0.072157
5 0.399120 0.619245 0.025146 0.036417
5 0.382049 0.607106 0.017453 0.024472
5 0.360747 0.604505 0.014089 0.013491
5 0.362581 0.635278 0.033714 0.050870
5 0.345378 0.609347 0.007224 0.014935
5 0.341492 0.612319 0.006141 0.019269
5 0.330458 0.619648 0.021167 0.035296
5 0.304419 0.633634 0.038026 0.049287