5 0.365398 0.631440 0.034734 0.048102
5 0.433688 0.634741 0.049198 0.069630
8 0.851659 0.420856 0.025974 0.053361
7 0.320729 0.538056 0.003333 0.016852
7 0.373130 0.531537 0.003229 0.015278
7 0.285078 0.588366 0.002750 0.013454
5 0.546646 0.716829 0.167792 0.204046
5 0.219552 0.640259 0.070083 0.071870
5 0.306419 0.632486 0.035589 0.047454
5 0.331453 0.619148 0.021979 0.034259
4 0.602435 0.483611 0.017495 0.034759
4 0.602651 0.526810 0.024844 0.048583
4 0.468258 0.551690 0.025661 0.049213
5 0.340299 0.611319 0.005047 0.015657
5 0.345570 0.612255 0.007151 0.014324
5 0.962370 0.626889 0.075260 0.127056
6 0.990326 0.658310 0.019349 0.227176
5 0.397734 0.617912 0.025625 0.034917
5 0.382711 0.605657 0.016130 0.023815
5 0.360859 0.604847 0.012229 0.010639