5 0.301633 0.598931 0.022766 0.032380
5 0.351435 0.606319 0.037464 0.026083
5 0.334375 0.604319 0.022042 0.026491
5 0.329307 0.593222 0.018250 0.028111
5 0.344753 0.581819 0.018786 0.022324
5 0.380581 0.600028 0.024932 0.031315
5 0.294997 0.615926 0.030568 0.041389
5 0.256237 0.642014 0.067161 0.079602
5 0.354826 0.687593 0.107391 0.153926
5 0.088716 0.814907 0.177432 0.352222
6 0.459297 0.576014 0.007646 0.030250
6 0.687135 0.587681 0.018323 0.039694
6 0.631435 0.592269 0.014047 0.061741
6 0.609581 0.588338 0.015349 0.064065
7 0.319823 0.440616 0.006479 0.034102
7 0.237583 0.557787 0.004875 0.030259
7 0.500010 0.545417 0.003812 0.023778
7 0.504229 0.545759 0.004312 0.024556
7 0.467005 0.452972 0.004875 0.010667
7 0.460516 0.441704 0.005104 0.032667
2 0.572896 0.525148 0.006750 0.010889
4 0.238469 0.530213 0.010875 0.019870
7 0.408659 0.441787 0.005443 0.031519
6 0.977497 0.579759 0.017172 0.076778
6 0.966893 0.589935 0.023547 0.088333
6 0.829971 0.574593 0.017453 0.030833
6 0.813388 0.556963 0.013120 0.033722
5 0.410062 0.614949 0.043271 0.061935
5 0.413286 0.579120 0.018542 0.012315
4 0.501380 0.519083 0.009323 0.014537
5 0.502630 0.670185 0.117302 0.134648
4 0.736083 0.501931 0.008531 0.015935
5 0.779844 0.793778 0.401094 0.395185
5 0.550760 0.561375 0.027969 0.021269
5 0.482391 0.568657 0.024198 0.021278