5 0.197289 0.660370 0.119693 0.217759
5 0.269109 0.624870 0.025625 0.033167
5 0.321529 0.630468 0.049224 0.067935
5 0.506904 0.656236 0.151870 0.167102
5 0.797294 0.599866 0.066880 0.057065
5 0.849750 0.593153 0.050979 0.050343
7 0.821927 0.489056 0.021146 0.032370
7 0.616755 0.521880 0.005250 0.017463
7 0.477578 0.531130 0.005615 0.016889
4 0.711107 0.570944 0.019224 0.039148
4 0.629833 0.524898 0.011219 0.020741
4 0.465292 0.533171 0.009885 0.018731
4 0.171495 0.543579 0.016750 0.022306
4 0.172844 0.519884 0.011292 0.018176
4 0.418979 0.560083 0.008219 0.020185
4 0.418974 0.541769 0.008021 0.012685
7 0.163203 0.513671 0.016177 0.025157
5 0.893177 0.588838 0.041271 0.046509
5 0.948271 0.579968 0.044104 0.030694
6 0.611198 0.603894 0.019104 0.079120
6 0.606815 0.589111 0.013036 0.054352
6 0.620523 0.588509 0.009891 0.054741
6 0.642219 0.589708 0.015958 0.058731