7 0.496271 0.547315 0.005000 0.024333
6 0.985133 0.586282 0.017484 0.070769
6 0.968742 0.585866 0.024661 0.082139
6 0.930654 0.574907 0.018734 0.058556
6 0.660958 0.597255 0.016583 0.058009
6 0.613328 0.589352 0.010927 0.057815
6 0.598630 0.576866 0.008323 0.044861
6 0.593164 0.586602 0.007547 0.045093
6 0.458393 0.576403 0.005932 0.031917
5 0.089346 0.818301 0.178693 0.352157
5 0.303169 0.604662 0.023286 0.037694
5 0.294323 0.617972 0.033688 0.043907
5 0.251516 0.648093 0.073885 0.087870
5 0.352951 0.581657 0.019380 0.024278
5 0.331617 0.596685 0.020161 0.033537
5 0.336560 0.603162 0.021724 0.024750
5 0.351518 0.605819 0.037068 0.022657
5 0.560513 0.557278 0.026224 0.018315
5 0.478750 0.565935 0.020792 0.019648
5 0.409953 0.583685 0.019667 0.019315
5 0.419445 0.618310 0.050339 0.063639
5 0.351492 0.683935 0.112422 0.147167
5 0.508378 0.667532 0.117453 0.128269
5 0.797367 0.793435 0.405266 0.413130
4 0.243875 0.532056 0.009500 0.016130
4 0.494026 0.521801 0.008073 0.013972
4 0.707073 0.507167 0.008938 0.015778
4 0.912935 0.456389 0.013172 0.029759
4 0.943750 0.493972 0.008802 0.017500
7 0.491344 0.547796 0.004750 0.023444
7 0.243417 0.559944 0.004740 0.023704
7 0.320867 0.447056 0.006057 0.032333
7 0.405266 0.448213 0.005563 0.031111
7 0.454846 0.447611 0.004651 0.029741
7 0.461122 0.458815 0.003922 0.009204
2 0.566250 0.525324 0.005729 0.010278