5 0.507523 0.559014 0.024474 0.020028
5 0.436443 0.567296 0.032240 0.024167
5 0.370026 0.574204 0.038448 0.024167
5 0.350995 0.601819 0.059427 0.042120
5 0.362453 0.713000 0.142937 0.206463
5 0.256221 0.641185 0.085839 0.086315
5 0.296771 0.617704 0.040396 0.060074
7 0.325883 0.456023 0.005307 0.029120
7 0.257073 0.553565 0.004115 0.022222
7 0.401107 0.456352 0.004859 0.028000
7 0.445701 0.455509 0.004318 0.026556
7 0.480034 0.543926 0.003328 0.022241
7 0.483456 0.544403 0.003151 0.020954
4 0.481359 0.523056 0.007812 0.014074
4 0.656849 0.515227 0.007125 0.012398
4 0.853391 0.505537 0.008010 0.015037
4 0.781521 0.486278 0.011042 0.024056
6 0.715878 0.596060 0.018432 0.061139
6 0.747417 0.553069 0.012927 0.044602
6 0.766055 0.595204 0.014984 0.056278
4 0.257896 0.531148 0.008479 0.016667
5 0.424320 0.606875 0.037536 0.048380
5 0.438599 0.621241 0.054385 0.062741
5 0.477818 0.605273 0.033948 0.045917
5 0.540484 0.654884 0.143948 0.165194
6 0.383745 0.596634 0.011615 0.041287
6 0.393375 0.594838 0.006927 0.044287
6 0.400305 0.600329 0.007307 0.045954
6 0.621492 0.593824 0.016182 0.065537
6 0.642172 0.585032 0.011240 0.064731
6 0.652737 0.585833 0.007641 0.060741
6 0.682138 0.592708 0.017307 0.063935
5 0.815602 0.816389 0.368234 0.367222
5 0.070466 0.784153 0.140932 0.360824
5 0.302831 0.577657 0.037672 0.017259