4 0.252172 0.529894 0.010198 0.015602
5 0.426578 0.602574 0.040427 0.044685
5 0.433526 0.622551 0.039958 0.062435
5 0.485865 0.640056 0.085865 0.129870
5 0.566008 0.689403 0.165724 0.180102
5 0.815508 0.791880 0.368984 0.412611
6 0.361354 0.566713 0.004010 0.021778
6 0.374417 0.566708 0.004115 0.022546
5 0.073734 0.790333 0.145646 0.341259
5 0.177365 0.668384 0.147656 0.169435
5 0.358583 0.750120 0.170479 0.263704
5 0.270161 0.634667 0.063688 0.076926
5 0.291328 0.615352 0.042333 0.050944
5 0.308690 0.577088 0.020422 0.015991
5 0.345685 0.583250 0.043828 0.022315
6 0.468055 0.566167 0.005807 0.022981
5 0.352240 0.608889 0.074927 0.030296
5 0.411359 0.577736 0.039021 0.024972
6 0.579820 0.574565 0.010339 0.046759
6 0.592966 0.582755 0.011464 0.047954
6 0.614547 0.582958 0.013708 0.055546
6 0.633315 0.595940 0.013036 0.058343
6 0.798635 0.541079 0.012677 0.020139
4 0.485391 0.520870 0.006510 0.012407
4 0.883612 0.503060 0.008099 0.016713
4 0.822862 0.477620 0.012745 0.026500
4 0.673193 0.512194 0.008104 0.014241
7 0.487318 0.543704 0.003698 0.020000
7 0.483396 0.543296 0.003698 0.019537
7 0.448453 0.451935 0.004865 0.027889
7 0.401870 0.452037 0.004844 0.028333
7 0.323286 0.451370 0.005625 0.029630
7 0.251318 0.553759 0.004427 0.023704