6 0.942648 0.596986 0.013484 0.052269
6 0.957211 0.584046 0.011870 0.054185
6 0.969755 0.588597 0.013219 0.051787
6 0.990253 0.595551 0.016453 0.066657
5 0.178661 0.652116 0.098437 0.154120
5 0.237305 0.636940 0.023151 0.034769
5 0.289117 0.650130 0.056641 0.057148
5 0.453820 0.669324 0.118141 0.143278
6 0.933880 0.590037 0.012135 0.063296
6 0.923901 0.590519 0.012677 0.053704
6 0.747391 0.624755 0.025625 0.112694
7 0.788240 0.498880 0.009333 0.031519
7 0.568771 0.516329 0.011042 0.029583
7 0.020518 0.460801 0.041036 0.068324
4 0.089891 0.532259 0.032021 0.044593
4 0.092690 0.492130 0.023964 0.035833
4 0.801599 0.504319 0.015677 0.037491
4 0.468948 0.559338 0.011990 0.027843
4 0.468409 0.533417 0.010693 0.019778
4 0.535531 0.521829 0.013427 0.029065
5 0.905885 0.811486 0.185385 0.371139
6 0.550648 0.621782 0.016995 0.102139
6 0.579237 0.618903 0.016453 0.089676
6 0.564268 0.627537 0.016182 0.085833
6 0.606346 0.624176 0.018339 0.090630
6 0.624417 0.623699 0.020500 0.106935
6 0.723141 0.602361 0.019417 0.094944
6 0.732042 0.609310 0.017802 0.083917
6 0.781268 0.608593 0.023464 0.085352
6 0.758474 0.601639 0.015104 0.084870