6 0.588786 0.592958 0.011063 0.043157
7 0.435052 0.486231 0.004271 0.023796
7 0.372151 0.487458 0.004771 0.024157
7 0.317135 0.569259 0.003542 0.016667
7 0.506052 0.559806 0.003385 0.017407
7 0.502667 0.559528 0.002969 0.017222
6 0.990112 0.576481 0.019776 0.084926
7 0.473224 0.484380 0.003594 0.021944
6 0.577003 0.588236 0.006828 0.046639
6 0.479971 0.599694 0.007932 0.030759
6 0.472427 0.590324 0.005854 0.022204
5 0.301151 0.653625 0.085760 0.093639
5 0.349896 0.621560 0.032594 0.050750
5 0.404398 0.693134 0.100609 0.144343
5 0.396982 0.614491 0.052870 0.032130
5 0.452411 0.611134 0.029938 0.039806
5 0.462258 0.625523 0.042078 0.046509
5 0.504065 0.615449 0.038839 0.043639
5 0.712414 0.712681 0.293974 0.284935
4 0.711516 0.520491 0.009198 0.018889
4 0.504250 0.540750 0.006979 0.012963
4 0.317547 0.552444 0.008312 0.013333