5 0.322271 0.583843 0.020958 0.028907
5 0.339414 0.585773 0.013099 0.019269
5 0.766464 0.804171 0.406052 0.379435
8 0.108984 0.541116 0.013281 0.033213
4 0.107362 0.485588 0.018359 0.029954
4 0.172794 0.515815 0.019703 0.030407
4 0.173896 0.486787 0.014906 0.022574
5 0.369919 0.598588 0.013443 0.027176
5 0.376529 0.609667 0.020380 0.041630
4 0.596917 0.556528 0.012750 0.018796
5 0.415891 0.623796 0.081187 0.121315
4 0.421039 0.555227 0.005182 0.009787
5 0.072414 0.575824 0.034464 0.023648
5 0.141719 0.577819 0.032594 0.014991
5 0.202383 0.581468 0.029526 0.012491
5 0.248560 0.610824 0.050859 0.056907
5 0.293560 0.596102 0.025141 0.031981