5 0.393729 0.591606 0.019854 0.026972
5 0.407487 0.591278 0.012526 0.016981
5 0.422766 0.602926 0.011240 0.018315
5 0.360203 0.599403 0.020604 0.026972
5 0.346714 0.587245 0.012365 0.010657
5 0.323932 0.607347 0.034813 0.039120
5 0.319716 0.580292 0.014203 0.007769
5 0.250555 0.593389 0.029651 0.018222
5 0.078862 0.609361 0.044505 0.052741
5 0.155880 0.599620 0.022760 0.016648
4 0.586622 0.517991 0.015859 0.027370
4 0.586310 0.551579 0.020839 0.036491
5 0.464333 0.727620 0.171521 0.232833
5 0.458508 0.595046 0.070380 0.048889