5 0.269682 0.573361 0.008781 0.013111
5 0.283286 0.580009 0.010406 0.017148
5 0.289357 0.573745 0.008891 0.013491
5 0.300195 0.591556 0.015609 0.022741
5 0.315807 0.601088 0.021896 0.029102
5 0.354836 0.615231 0.043526 0.053833
5 0.440937 0.644519 0.114906 0.167444
4 0.004961 0.457343 0.009922 0.034500
4 0.006187 0.498648 0.012313 0.044130
4 0.569706 0.486236 0.016068 0.031102
4 0.569057 0.523440 0.022031 0.040546
5 0.075349 0.757616 0.150698 0.259528
5 0.221057 0.627657 0.051458 0.065630
5 0.241914 0.595264 0.022391 0.043157
5 0.259633 0.579602 0.010734 0.018500