5 0.268547 0.614653 0.018125 0.019565
5 0.826719 0.733843 0.346563 0.524537
5 0.656312 0.644759 0.111854 0.095463
5 0.482427 0.651620 0.082781 0.098444
5 0.209961 0.620407 0.051786 0.046037
5 0.309815 0.610338 0.011328 0.017843
5 0.346229 0.633644 0.039490 0.059843
5 0.366331 0.616218 0.014849 0.027176
5 0.373375 0.610824 0.006177 0.014833
5 0.378958 0.610338 0.005854 0.011565
5 0.388062 0.611208 0.010625 0.016769
5 0.408714 0.620843 0.025906 0.034111
5 0.437148 0.593472 0.029401 0.059204
4 0.338948 0.513194 0.008937 0.015000
4 0.383177 0.513565 0.008177 0.013704
4 0.426323 0.514231 0.007917 0.013759
4 0.570932 0.536606 0.010823 0.022231