5 0.422268 0.591991 0.010922 0.016889
5 0.316945 0.582245 0.012797 0.006028
5 0.329146 0.591199 0.013896 0.012213
5 0.307839 0.593833 0.019667 0.018037
5 0.409221 0.589532 0.017328 0.024972
5 0.376990 0.596889 0.019354 0.018037
5 0.343115 0.606153 0.033094 0.034972
5 0.186823 0.606157 0.043833 0.034963
5 0.551875 0.583481 0.029344 0.011648
5 0.472177 0.625505 0.066031 0.107028
5 0.408479 0.688347 0.132833 0.171935
5 0.063870 0.739144 0.125510 0.287565
4 0.751966 0.525542 0.037411 0.063065
4 0.750997 0.466773 0.028380 0.045287