5 0.424823 0.621375 0.019292 0.028972
8 0.573932 0.553861 0.006031 0.016481
8 0.456690 0.602037 0.006589 0.019389
4 0.519870 0.596370 0.013719 0.023426
5 0.516031 0.598366 0.044667 0.070435
5 0.388484 0.615884 0.011427 0.023972
5 0.396448 0.613722 0.010115 0.018315
5 0.108839 0.633306 0.094635 0.068019
5 0.031318 0.655977 0.060406 0.068009
5 0.165888 0.726375 0.236922 0.204046
5 0.282932 0.618477 0.028094 0.025972
5 0.307766 0.615843 0.022719 0.022370
5 0.377901 0.622875 0.022104 0.039954
5 0.898333 0.747870 0.203333 0.496907
5 0.885583 0.484981 0.228833 0.461852
5 0.362281 0.616644 0.014385 0.019176
5 0.480924 0.645866 0.064807 0.083269