5 0.386445 0.598926 0.010016 0.009481
5 0.493982 0.590477 0.059005 0.064935
5 0.856932 0.672083 0.251688 0.184944
5 0.483391 0.638542 0.062042 0.081120
5 0.450690 0.620204 0.023672 0.041167
5 0.327760 0.608181 0.014094 0.014843
4 0.390729 0.506079 0.035646 0.026213
4 0.438706 0.506347 0.025349 0.025991
5 0.339956 0.604523 0.008349 0.010213
5 0.413370 0.601125 0.006896 0.010639
5 0.361310 0.617819 0.025693 0.032565
5 0.377247 0.610398 0.013766 0.021204
5 0.397677 0.619167 0.026667 0.038352
5 0.421565 0.603898 0.010536 0.016648
5 0.173372 0.715968 0.197703 0.217509
5 0.266393 0.618847 0.025661 0.032306
5 0.295240 0.612685 0.029781 0.029296
5 0.618005 0.684630 0.217573 0.289352