5 0.107742 0.815426 0.209724 0.365981
5 0.911659 0.783671 0.176682 0.432657
5 0.673297 0.569944 0.281896 0.313815
5 0.482784 0.588546 0.034255 0.036444
5 0.475844 0.653046 0.069917 0.097778
5 0.417594 0.622843 0.020604 0.031296
5 0.393224 0.614051 0.010302 0.016991
5 0.384609 0.614884 0.009552 0.022639
5 0.370372 0.625704 0.028661 0.038296
5 0.354451 0.618713 0.012547 0.020315
5 0.334672 0.613116 0.008615 0.009657
5 0.322714 0.612750 0.013458 0.013000
5 0.269534 0.622500 0.026703 0.023019
5 0.256451 0.618662 0.021036 0.028769
5 0.213724 0.627389 0.038302 0.035481