4 0.454693 0.469463 0.012094 0.021889
5 0.204310 0.625236 0.047651 0.033565
4 0.389799 0.467269 0.012901 0.022537
5 0.281182 0.613843 0.019333 0.017981
5 0.016036 0.647731 0.031240 0.061537
5 0.349365 0.628921 0.033313 0.049954
5 0.333633 0.617130 0.005464 0.021278
5 0.368039 0.616088 0.012880 0.025213
5 0.481201 0.652616 0.080630 0.102620
5 0.456646 0.590981 0.042344 0.075259
5 0.375891 0.611787 0.008021 0.014259
5 0.387229 0.611981 0.011927 0.016185
5 0.403057 0.621329 0.025583 0.031028
4 0.321320 0.464389 0.014578 0.023037
5 0.324182 0.611287 0.011385 0.009444
4 0.781669 0.468157 0.022620 0.043796
5 0.838648 0.734690 0.322703 0.530620