5 0.926018 0.567097 0.128641 0.063639
5 0.169719 0.604361 0.041885 0.015259
5 0.487901 0.583366 0.019729 0.021546
5 0.430049 0.592736 0.012547 0.009991
5 0.450003 0.596736 0.008234 0.013991
5 0.458802 0.597898 0.011615 0.016981
5 0.482031 0.600398 0.011615 0.018648
5 0.484185 0.614218 0.017047 0.034306
5 0.500948 0.622708 0.035219 0.059269
5 0.395018 0.599620 0.010401 0.011056
5 0.378076 0.600620 0.015839 0.014500
5 0.405734 0.608736 0.017344 0.025694
5 0.427766 0.626806 0.044958 0.059611
5 0.354438 0.629106 0.052823 0.059139
5 0.291401 0.611616 0.031469 0.027972
5 0.135815 0.638769 0.120797 0.057315
5 0.022979 0.634278 0.027969 0.058000
5 0.015794 0.650505 0.030682 0.068361
5 0.790664 0.560139 0.146536 0.065630
5 0.825354 0.569588 0.072687 0.044750
5 0.550440 0.636801 0.094526 0.144176
4 0.591667 0.557505 0.008396 0.013935
2 0.590799 0.542231 0.007109 0.016000
3 0.632995 0.541912 0.009323 0.016583
4 0.685445 0.560491 0.014182 0.027870
4 0.684138 0.532620 0.014182 0.023889
4 0.634313 0.558667 0.011198 0.016259