5 0.342453 0.614750 0.009885 0.010870
5 0.187055 0.691662 0.185505 0.197213
5 0.274258 0.619546 0.029974 0.023981
5 0.309477 0.643690 0.055068 0.070269
4 0.425484 0.587958 0.006031 0.012157
4 0.513156 0.576611 0.008490 0.014352
4 0.512896 0.563787 0.005365 0.010370
5 0.760029 0.761130 0.136276 0.470796
5 0.510182 0.640190 0.050167 0.072176
5 0.472456 0.620750 0.022474 0.031630
5 0.390706 0.617676 0.015807 0.022222
5 0.376326 0.613394 0.007078 0.011509
5 0.369055 0.616019 0.011057 0.017111
5 0.355654 0.620181 0.020161 0.030065