5 0.122013 0.581106 0.063266 0.041472
5 0.622805 0.637380 0.080339 0.122185
5 0.803112 0.712616 0.275234 0.265343
5 0.894560 0.614343 0.058047 0.077611
6 0.423154 0.547977 0.008026 0.028491
6 0.532979 0.544847 0.013062 0.029528
2 0.663036 0.482759 0.017010 0.025259
2 0.784578 0.479764 0.018427 0.024083
4 0.015354 0.451708 0.030156 0.048620
4 0.049708 0.456838 0.030719 0.045620
7 0.351536 0.515296 0.005312 0.025630
7 0.530146 0.393449 0.005521 0.033657
7 0.662552 0.511630 0.005021 0.025870
7 0.784578 0.509991 0.005948 0.027037
4 0.601094 0.515296 0.005021 0.011037
4 0.585599 0.484218 0.005948 0.010565
4 0.707721 0.574329 0.018536 0.031602
5 0.588904 0.606005 0.045974 0.066046
5 0.488831 0.554407 0.026932 0.032204
5 0.464451 0.592778 0.073839 0.041296
5 0.432221 0.749403 0.196901 0.290602