5 0.357659 0.610861 0.009234 0.019426
4 0.286977 0.435583 0.078130 0.058944
4 0.396060 0.442407 0.053089 0.051667
5 0.098195 0.630653 0.074766 0.051213
5 0.160180 0.610801 0.028484 0.026472
5 0.251411 0.605125 0.009990 0.013880
5 0.270344 0.600769 0.008271 0.012204
5 0.466734 0.670981 0.093542 0.120852
5 0.397758 0.629556 0.045641 0.055241
5 0.292292 0.613519 0.015740 0.025204
5 0.312068 0.616181 0.031740 0.050417
5 0.331383 0.609588 0.012099 0.019657
5 0.368326 0.614792 0.018339 0.025435
5 0.018021 0.761532 0.035885 0.193065