4 0.648362 0.491935 0.006464 0.013500
6 0.359904 0.551519 0.010755 0.029722
5 0.093339 0.657079 0.183042 0.151361
5 0.165125 0.577273 0.057271 0.038528
5 0.438909 0.740454 0.186682 0.283333
5 0.467328 0.605227 0.078573 0.062417
5 0.585805 0.608394 0.043266 0.072139
5 0.622354 0.637296 0.088417 0.116574
5 0.801961 0.710931 0.273057 0.272435
5 0.888503 0.597102 0.051828 0.051519
5 0.951357 0.645648 0.097286 0.170389
7 0.351352 0.515778 0.004703 0.025537
7 0.529896 0.393463 0.006396 0.035463
7 0.662359 0.511861 0.004865 0.025463
7 0.784529 0.510208 0.006016 0.027417
4 0.014997 0.451681 0.029995 0.049120
4 0.049818 0.458310 0.031375 0.046065
4 0.525323 0.515106 0.003323 0.006250
4 0.585385 0.483759 0.006635 0.010130
4 0.600911 0.515588 0.005906 0.011528
4 0.707292 0.574667 0.020417 0.032759
2 0.783773 0.477972 0.016130 0.024741
2 0.663401 0.482852 0.016781 0.024741