5 0.107253 0.577634 0.082411 0.043046
5 0.418865 0.586032 0.054021 0.037750
5 0.371164 0.614940 0.049984 0.072620
7 0.444253 0.347449 0.008495 0.047528
5 0.867232 0.809769 0.265536 0.380463
5 0.916357 0.626074 0.093620 0.091537
5 0.280734 0.594153 0.067990 0.060676
5 0.402253 0.682065 0.120370 0.183074
4 0.509661 0.529199 0.006688 0.012546
5 0.556328 0.629556 0.087656 0.101278
5 0.743716 0.587847 0.088411 0.044435
7 0.757518 0.516306 0.006089 0.033296
7 0.613146 0.515176 0.007115 0.032963
4 0.498122 0.488366 0.006714 0.014269
2 0.756487 0.480106 0.021224 0.032528
2 0.613081 0.476954 0.020234 0.030833
7 0.174260 0.503861 0.007625 0.037870
7 0.344695 0.517014 0.008130 0.015806
4 0.564130 0.503139 0.006927 0.014593