4 0.049643 0.459597 0.030818 0.040306
5 0.621026 0.635407 0.087469 0.116963
5 0.892190 0.611329 0.058432 0.071546
5 0.803609 0.707097 0.270313 0.289361
5 0.466781 0.606046 0.075917 0.058926
5 0.416841 0.588722 0.053526 0.047370
5 0.438182 0.744616 0.183896 0.280361
5 0.163779 0.579250 0.060464 0.038704
6 0.438984 0.549009 0.009000 0.028963
6 0.425484 0.546847 0.005937 0.025602
5 0.583555 0.611134 0.044047 0.073324
2 0.663682 0.482648 0.018292 0.023685
4 0.015245 0.452236 0.030438 0.049028
2 0.784099 0.478667 0.018604 0.024278
7 0.530044 0.393481 0.006099 0.034926
7 0.662458 0.512231 0.005063 0.025852
7 0.351547 0.515764 0.004948 0.025602
6 0.420336 0.548148 0.005224 0.022241
7 0.784557 0.510046 0.005885 0.027407
4 0.585419 0.483639 0.006776 0.010704
4 0.601169 0.515569 0.006141 0.012528
4 0.621786 0.541106 0.003240 0.014991
4 0.708130 0.573889 0.019042 0.031630
4 0.648359 0.491486 0.006594 0.013009