7 0.662560 0.511782 0.005620 0.026639
5 0.935878 0.641630 0.128245 0.150167
5 0.804120 0.713949 0.275521 0.268231
5 0.620544 0.636282 0.083609 0.116120
5 0.585086 0.609074 0.047026 0.070333
5 0.468635 0.605810 0.073906 0.063065
5 0.438630 0.752296 0.190396 0.284000
5 0.165203 0.578056 0.056760 0.040130
6 0.296445 0.552889 0.010974 0.031056
2 0.783948 0.479875 0.018406 0.026269
2 0.663154 0.482074 0.017422 0.023500
7 0.529888 0.393523 0.006505 0.034213
7 0.351307 0.515741 0.004875 0.026019
7 0.784401 0.510315 0.005646 0.027704
4 0.707612 0.574403 0.019901 0.033065
4 0.648643 0.491861 0.006474 0.011907
4 0.601221 0.515634 0.005422 0.011565
4 0.621664 0.540750 0.003432 0.015093
4 0.585404 0.483847 0.006505 0.010213
4 0.525135 0.514833 0.003979 0.007074
4 0.015068 0.451458 0.030135 0.046898
4 0.049568 0.457560 0.030437 0.043009