5 0.439966 0.751551 0.192807 0.300176
5 0.271818 0.618074 0.123510 0.098611
5 0.162818 0.578227 0.062240 0.046435
5 0.896414 0.610477 0.061297 0.082231
4 0.050065 0.457412 0.031089 0.044639
4 0.601138 0.515579 0.005776 0.011713
4 0.585362 0.483741 0.006214 0.010704
7 0.351198 0.516245 0.005333 0.026824
7 0.530159 0.393648 0.006776 0.035463
7 0.662406 0.511569 0.005271 0.024620
7 0.784687 0.510375 0.005604 0.027472
5 0.586859 0.609981 0.045135 0.075296
6 0.419469 0.548153 0.005833 0.024880
4 0.015141 0.451630 0.030177 0.048333
4 0.706977 0.573778 0.020297 0.033019
2 0.783885 0.478648 0.017479 0.023019
2 0.663357 0.482125 0.018339 0.026380
5 0.966596 0.664972 0.066807 0.149574
5 0.619740 0.635245 0.087490 0.113935
5 0.798060 0.708454 0.269714 0.265500
5 0.465602 0.601463 0.076901 0.059444