5 0.516503 0.607579 0.032661 0.037824
7 0.559443 0.544431 0.002990 0.010639
7 0.583521 0.537287 0.004292 0.022667
4 0.460885 0.596852 0.010406 0.019463
4 0.652497 0.531597 0.015297 0.026917
7 0.450904 0.543968 0.004161 0.022435
7 0.378516 0.446315 0.006115 0.030759
7 0.458578 0.544338 0.003646 0.021509
7 0.519117 0.553102 0.002995 0.008556
7 0.541063 0.554944 0.002510 0.012944
5 0.657180 0.593282 0.047401 0.033176
5 0.678172 0.584329 0.033406 0.025880
5 0.265969 0.588023 0.171813 0.111417
5 0.092753 0.617852 0.066109 0.035833
5 0.426578 0.621630 0.043531 0.053889
5 0.563635 0.711579 0.170917 0.204102