7 0.098430 0.577153 0.003380 0.012491
5 0.352294 0.594671 0.006995 0.009398
5 0.341719 0.595773 0.006062 0.009954
5 0.362310 0.602861 0.006943 0.009556
5 0.348312 0.605250 0.006271 0.011148
5 0.393437 0.553491 0.012760 0.007963
5 0.428260 0.549111 0.022396 0.012741
5 0.380339 0.554875 0.013437 0.009139
5 0.358839 0.557472 0.019708 0.011148
5 0.324932 0.559144 0.026875 0.014731
5 0.418138 0.618426 0.058047 0.079778
5 0.323253 0.726981 0.156203 0.237759
7 0.366807 0.395532 0.008458 0.045787
7 0.436648 0.396829 0.007151 0.042824
7 0.494523 0.538616 0.005328 0.030194
7 0.503792 0.538088 0.005802 0.031306
7 0.046529 0.574264 0.004422 0.016417
7 0.103633 0.580852 0.003901 0.018500
4 0.100057 0.558657 0.005594 0.016648
4 0.159742 0.587116 0.004141 0.016324