5 0.426727 0.551093 0.022422 0.011074
5 0.570286 0.544019 0.017573 0.007741
5 0.546102 0.544852 0.018974 0.008296
5 0.515880 0.546690 0.014625 0.007194
5 0.458578 0.549759 0.016917 0.009278
4 0.097872 0.559125 0.005693 0.017824
4 0.157854 0.586861 0.004115 0.016296
7 0.505268 0.538421 0.005443 0.032620
7 0.496359 0.538417 0.004948 0.030667
5 0.189578 0.634431 0.068531 0.041083
7 0.437563 0.395194 0.007562 0.044167
7 0.367060 0.393667 0.008370 0.045278
7 0.101906 0.580602 0.003812 0.018556
7 0.096687 0.577324 0.003500 0.011556
7 0.043516 0.574468 0.003750 0.016139
5 0.364479 0.613519 0.012573 0.011519
5 0.322385 0.736495 0.159375 0.250639
5 0.346724 0.610389 0.010365 0.011333
5 0.330133 0.611213 0.009849 0.009222
5 0.358258 0.558449 0.020214 0.009213
5 0.386448 0.556380 0.019052 0.008296
5 0.327411 0.558704 0.023792 0.012167
5 0.606680 0.540838 0.020682 0.014102