5 0.386229 0.555782 0.018250 0.009213
5 0.425401 0.551296 0.022573 0.010741
5 0.457552 0.550097 0.019260 0.009287
5 0.516229 0.547042 0.015000 0.008935
5 0.326365 0.558856 0.024083 0.011139
5 0.363021 0.612625 0.011573 0.012269
5 0.345573 0.611634 0.008771 0.009620
5 0.546065 0.544833 0.018182 0.008963
5 0.569151 0.544032 0.016646 0.008324
5 0.629146 0.539079 0.017281 0.010750
5 0.358443 0.557995 0.020625 0.010176
4 0.158232 0.587120 0.004318 0.016000
4 0.097911 0.558708 0.005042 0.016639
7 0.496500 0.538843 0.005677 0.031481
7 0.505354 0.538241 0.005885 0.032130
7 0.437714 0.395347 0.007500 0.044139
7 0.367086 0.393509 0.008464 0.045759
7 0.043409 0.573907 0.004234 0.016167
7 0.101414 0.580870 0.004859 0.020000
7 0.096367 0.577847 0.003411 0.014120
5 0.323786 0.733181 0.156031 0.241806
5 0.115406 0.635384 0.074979 0.037269