5 0.516258 0.546398 0.015089 0.007185
5 0.546508 0.544741 0.016797 0.008296
5 0.580409 0.541972 0.021151 0.011889
7 0.496125 0.538310 0.005646 0.031454
7 0.505315 0.538042 0.005693 0.032602
7 0.437656 0.395546 0.007500 0.043519
7 0.367263 0.393352 0.008349 0.044519
7 0.101602 0.580032 0.004203 0.017843
7 0.096354 0.577093 0.003260 0.011481
4 0.158203 0.587204 0.004969 0.016259
4 0.097841 0.559296 0.005870 0.018333
7 0.043747 0.574120 0.004443 0.016593
5 0.243727 0.631324 0.052130 0.035833
5 0.325839 0.739269 0.156031 0.239741
5 0.331857 0.610731 0.008026 0.011611
5 0.346974 0.609074 0.008771 0.012944
5 0.364383 0.612440 0.011755 0.010991
5 0.326917 0.558685 0.023542 0.010556
5 0.358560 0.557722 0.020734 0.009796
5 0.386885 0.555319 0.017365 0.009213
5 0.427646 0.550713 0.021385 0.009204
5 0.457831 0.549329 0.016953 0.008565