4 0.864331 0.467574 0.060016 0.126370
4 0.565893 0.610981 0.009755 0.018889
5 0.540391 0.637009 0.026875 0.082611
6 0.082776 0.648273 0.032042 0.131269
6 0.171750 0.644394 0.031115 0.136213
6 0.571924 0.611597 0.009182 0.037120
6 0.586008 0.609769 0.008370 0.041111
7 0.579104 0.561972 0.003688 0.021407
5 0.608357 0.623009 0.038630 0.055407
5 0.420508 0.764685 0.238328 0.358074
7 0.563659 0.557620 0.004818 0.023278
2 0.667148 0.517514 0.012870 0.021417
2 0.564701 0.531097 0.011703 0.018306
4 0.858013 0.377106 0.031464 0.055935