7 0.367167 0.393407 0.008812 0.045389
5 0.655432 0.536565 0.021063 0.011333
5 0.584857 0.543907 0.014036 0.006722
5 0.569531 0.544718 0.016021 0.007361
5 0.546672 0.545065 0.017885 0.007611
5 0.516604 0.545986 0.016073 0.008528
5 0.458049 0.548417 0.018661 0.007463
5 0.424966 0.550653 0.024505 0.010324
5 0.386430 0.554662 0.020318 0.009176
5 0.358854 0.557528 0.022573 0.011463
5 0.326448 0.556958 0.024188 0.010324
5 0.362242 0.610852 0.011932 0.013759
5 0.329081 0.735403 0.176078 0.248657
7 0.505094 0.537926 0.005687 0.032000
7 0.496437 0.538759 0.005875 0.031222
7 0.437526 0.395097 0.008177 0.043694
7 0.043943 0.574773 0.005552 0.015861
7 0.096615 0.577685 0.003375 0.013111
7 0.101896 0.580370 0.004125 0.019556
4 0.158096 0.587606 0.004953 0.015361
4 0.097750 0.559046 0.005938 0.016796
5 0.036177 0.641889 0.071833 0.042130