7 0.045984 0.586806 0.005302 0.023056
4 0.117630 0.595319 0.006323 0.020231
7 0.371133 0.315245 0.012318 0.064694
5 0.376273 0.634551 0.020474 0.025806
5 0.429086 0.558296 0.024516 0.007870
5 0.483279 0.556282 0.019224 0.007676
5 0.525117 0.553500 0.023328 0.009444
5 0.368367 0.601884 0.006609 0.012676
5 0.329635 0.662060 0.075698 0.097139
5 0.358143 0.563819 0.025661 0.010824
7 0.553326 0.527551 0.008401 0.045343
7 0.566078 0.526449 0.008396 0.045898
7 0.472052 0.321542 0.011146 0.061972
7 0.039737 0.582074 0.004057 0.014704
4 0.042635 0.561176 0.007406 0.020074