4 0.865872 0.466731 0.058911 0.119685
7 0.563107 0.555685 0.004839 0.021648
7 0.578870 0.562204 0.004531 0.021926
4 0.858021 0.377713 0.033021 0.054093
2 0.564214 0.531148 0.012646 0.018463
2 0.666958 0.517764 0.012948 0.022083
4 0.565937 0.610245 0.010188 0.021194
6 0.210672 0.631560 0.024187 0.096509
6 0.261008 0.628171 0.022307 0.094602
6 0.572604 0.608815 0.010625 0.044241
6 0.586602 0.609620 0.008036 0.041241
5 0.421823 0.765708 0.234271 0.358639
5 0.504201 0.654935 0.081911 0.154222
5 0.539818 0.637380 0.032042 0.086685
5 0.609721 0.624505 0.041339 0.058750