7 0.522534 0.567009 0.004516 0.024722
2 0.623953 0.514931 0.014000 0.023009
2 0.505135 0.529944 0.013010 0.021519
7 0.621146 0.547995 0.005115 0.023954
7 0.504096 0.559972 0.005328 0.026981
8 0.292294 0.555190 0.005422 0.010991
4 0.495716 0.602657 0.004245 0.007870
4 0.508271 0.622093 0.012198 0.021352
5 0.454745 0.690375 0.123062 0.195657
5 0.644016 0.676273 0.139698 0.151361
5 0.337060 0.632657 0.037536 0.030963
6 0.267784 0.631856 0.009172 0.049213
6 0.302078 0.626273 0.009333 0.055565
6 0.514112 0.620995 0.007932 0.049769
6 0.529977 0.619750 0.010109 0.046722