6 0.586857 0.609713 0.009359 0.041278
8 0.391258 0.557731 0.004266 0.010481
4 0.864456 0.467037 0.063391 0.127074
4 0.857758 0.376648 0.035286 0.051148
7 0.578909 0.564162 0.004141 0.023287
7 0.563055 0.558157 0.004370 0.022481
2 0.564398 0.531634 0.012495 0.019231
2 0.667398 0.516556 0.012464 0.020556
6 0.023695 0.656648 0.045141 0.147611
6 0.082487 0.653676 0.037891 0.171389
6 0.572680 0.608755 0.008911 0.044157
5 0.424378 0.766431 0.233995 0.357787
5 0.536898 0.620806 0.022057 0.049500
5 0.618859 0.615657 0.038427 0.042519