7 0.587661 0.402727 0.023302 0.118491
7 0.679484 0.435037 0.027031 0.113519
6 0.657771 0.683940 0.038083 0.202269
6 0.430708 0.647120 0.006500 0.033444
2 0.586969 0.277468 0.063115 0.101176
4 0.498344 0.549079 0.011187 0.020120
4 0.441594 0.615352 0.007698 0.015037
4 0.441862 0.601093 0.008453 0.011185
4 0.729021 0.765032 0.076521 0.171935
7 0.081609 0.584602 0.005323 0.024148
6 0.622708 0.696731 0.036687 0.236111
6 0.585094 0.689301 0.042260 0.231157
5 0.974503 0.609157 0.050995 0.062593
5 0.954138 0.614843 0.044880 0.047778
5 0.880734 0.614972 0.104490 0.072926
5 0.814529 0.630130 0.037620 0.051593
5 0.555323 0.652417 0.039042 0.027519
5 0.494849 0.649546 0.022573 0.030963
5 0.336542 0.723912 0.159375 0.238750
5 0.196948 0.670417 0.126500 0.121852
5 0.065714 0.677847 0.093615 0.081231
7 0.217359 0.589866 0.013885 0.029639