6 0.586938 0.610273 0.010260 0.041287
5 0.421224 0.765625 0.236823 0.354676
6 0.572521 0.609315 0.008854 0.042815
6 0.120154 0.650523 0.034828 0.158806
2 0.666805 0.516861 0.013172 0.020630
2 0.564523 0.531926 0.012120 0.019815
4 0.565385 0.610468 0.011292 0.020231
4 0.864091 0.470014 0.063443 0.127176
4 0.858427 0.377370 0.035927 0.053519
7 0.579195 0.563921 0.004443 0.021194
7 0.563258 0.558139 0.004443 0.023130
6 0.039531 0.655106 0.038698 0.145046
5 0.609307 0.618032 0.035615 0.048102
5 0.537154 0.635838 0.026193 0.079250
5 0.507620 0.651690 0.071885 0.138694