2 0.481732 0.478546 0.024453 0.037463
2 0.705315 0.445394 0.029578 0.043935
7 0.699065 0.506782 0.017234 0.046287
7 0.515190 0.544014 0.014828 0.043009
7 0.475956 0.532421 0.014234 0.047954
7 0.143531 0.550671 0.020677 0.055546
4 0.448076 0.605222 0.006099 0.010574
4 0.448521 0.615972 0.005948 0.011241
4 0.491568 0.645926 0.023104 0.040796
6 0.072656 0.658606 0.014792 0.110843
6 0.069706 0.654792 0.019036 0.116120
6 0.038911 0.658639 0.011198 0.094556
6 0.493633 0.637935 0.013214 0.087981
6 0.522453 0.637773 0.017021 0.079620
5 0.800581 0.619861 0.018276 0.026944
5 0.706406 0.628773 0.015000 0.021102
5 0.749315 0.612222 0.074297 0.050907
5 0.630898 0.650750 0.074141 0.089981
5 0.377076 0.698148 0.125380 0.196074
5 0.314039 0.645935 0.053703 0.059167