4 0.477591 0.595889 0.008453 0.013870
4 0.565932 0.525500 0.015062 0.027574
8 0.547682 0.589588 0.008458 0.018120
7 0.175607 0.575417 0.022464 0.049611
5 0.967328 0.622250 0.060687 0.029463
5 0.722539 0.655500 0.062078 0.035833
5 0.678927 0.661106 0.053750 0.035435
5 0.646901 0.650356 0.033146 0.028269
5 0.631003 0.666282 0.060911 0.041009
5 0.591029 0.648764 0.023516 0.034639
5 0.543609 0.657481 0.031115 0.038611
5 0.083349 0.736194 0.166698 0.267481
6 0.242029 0.650815 0.007380 0.047519
6 0.225604 0.652019 0.008010 0.052796
6 0.235034 0.651949 0.008557 0.054139
6 0.465482 0.651167 0.007557 0.041667
4 0.345961 0.652338 0.022286 0.040287
4 0.477320 0.611787 0.010516 0.016000