5 0.568964 0.657741 0.071573 0.097463
4 0.460945 0.605162 0.005984 0.009250
4 0.461531 0.614644 0.006375 0.009250
5 0.406224 0.693102 0.119323 0.185759
5 0.268758 0.645449 0.067724 0.038528
6 0.210729 0.647231 0.006719 0.066407
6 0.201187 0.642699 0.006448 0.077398
6 0.146766 0.645324 0.010479 0.069278
6 0.156979 0.646042 0.011552 0.067843
6 0.511703 0.629213 0.013437 0.059722
6 0.490542 0.631005 0.013208 0.064102
5 0.682734 0.624440 0.012240 0.020065
5 0.714008 0.610963 0.058693 0.043574
2 0.480219 0.511810 0.016854 0.028861
2 0.639786 0.491037 0.019729 0.032185
7 0.478612 0.550005 0.006505 0.032843
7 0.502362 0.559116 0.005203 0.030528
7 0.637320 0.533472 0.007932 0.033074
7 0.236742 0.565565 0.007495 0.034685
8 0.163951 0.536125 0.006682 0.016861
4 0.485437 0.632329 0.015740 0.030528