6 0.585297 0.613000 0.009719 0.037444
8 0.388742 0.560616 0.003703 0.008676
2 0.562641 0.535759 0.012042 0.019630
2 0.664664 0.521917 0.012016 0.021685
4 0.866073 0.471153 0.060917 0.121880
4 0.858927 0.382241 0.038208 0.054352
4 0.563661 0.615157 0.011292 0.020074
7 0.577164 0.567824 0.004328 0.021741
7 0.561331 0.561125 0.003828 0.021861
6 0.570133 0.613440 0.009505 0.042620
5 0.669828 0.614083 0.050698 0.035778
5 0.915138 0.839528 0.168609 0.318407
6 0.012654 0.660245 0.024609 0.156861
5 0.441844 0.743005 0.194208 0.302435
5 0.154724 0.795069 0.309448 0.306713