6 0.292617 0.628773 0.008943 0.043546
8 0.317786 0.557565 0.004521 0.010278
4 0.951388 0.432898 0.080786 0.162278
4 0.939310 0.316269 0.041172 0.069741
6 0.324628 0.622963 0.007776 0.054815
4 0.516464 0.618611 0.011271 0.021204
4 0.507466 0.609356 0.005422 0.007324
4 0.508062 0.600977 0.004875 0.007509
7 0.529971 0.566523 0.004391 0.022194
7 0.623206 0.547889 0.004818 0.024222
7 0.513648 0.560185 0.004641 0.023648
5 0.699240 0.694093 0.186677 0.183278
5 0.457888 0.695620 0.135745 0.211611
6 0.538503 0.616106 0.011943 0.045120
6 0.523482 0.617269 0.008401 0.046778
6 0.327997 0.624509 0.004276 0.051148