6 0.445878 0.604222 0.009995 0.041907
6 0.438698 0.610324 0.008115 0.038574
6 0.427146 0.611028 0.008740 0.044981
6 0.419341 0.613931 0.007807 0.043009
6 0.209357 0.629227 0.007370 0.032565
6 0.457193 0.608384 0.011083 0.046343
6 0.494971 0.626417 0.019745 0.102426
5 0.308286 0.685704 0.095510 0.138630
5 0.333961 0.617542 0.024891 0.027972
5 0.343151 0.610417 0.010302 0.018315
5 0.286672 0.609741 0.019490 0.021630
4 0.030396 0.376681 0.045635 0.066750
4 0.394651 0.573532 0.014833 0.029972
4 0.546721 0.458074 0.053693 0.104407
6 0.203190 0.628130 0.005641 0.028519
6 0.516979 0.622384 0.022333 0.096676
6 0.023969 0.766412 0.047938 0.351472