5 0.380086 0.642972 0.018036 0.030407
6 0.288404 0.649458 0.007391 0.055991
6 0.281273 0.650380 0.006870 0.057370
6 0.272279 0.653375 0.010130 0.062435
5 0.810880 0.655787 0.079500 0.042796
5 0.743635 0.640500 0.036281 0.018630
5 0.763927 0.666537 0.065573 0.043000
5 0.717299 0.649810 0.041651 0.029620
5 0.679138 0.651727 0.033057 0.037269
5 0.706818 0.668921 0.071219 0.050639
5 0.652266 0.649477 0.026875 0.039176
5 0.601688 0.657602 0.034396 0.040611
5 0.038677 0.755296 0.075563 0.272241
7 0.212938 0.567398 0.023417 0.052444
8 0.604490 0.585870 0.010865 0.022981
4 0.529565 0.609685 0.012734 0.018648
4 0.530128 0.592199 0.008620 0.014991
4 0.639424 0.511616 0.016297 0.030306
4 0.400586 0.654370 0.023734 0.044593
5 0.384362 0.647398 0.012911 0.024333
6 0.516924 0.651231 0.008734 0.047370