5 0.400687 0.613292 0.019354 0.043843
5 0.304503 0.613958 0.025286 0.024694
5 0.366753 0.662208 0.087120 0.131769
5 0.038435 0.663898 0.076870 0.133407
6 0.583833 0.613398 0.014760 0.080093
4 0.530315 0.525796 0.037464 0.071259
6 0.512156 0.601356 0.007885 0.040620
7 0.412466 0.515315 0.002995 0.016185
6 0.552953 0.615468 0.014375 0.075954
6 0.566549 0.600968 0.014370 0.063528
6 0.595484 0.607875 0.020198 0.089769
6 0.683461 0.606495 0.020589 0.104954
6 0.670255 0.632042 0.024469 0.129824
6 0.651417 0.630662 0.031073 0.150528
6 0.214398 0.619727 0.006068 0.042972
6 0.083518 0.651972 0.019151 0.076241