6 0.665167 0.631491 0.031458 0.119463
6 0.646716 0.613537 0.021755 0.112556
6 0.577576 0.607819 0.013036 0.071528
6 0.592836 0.602542 0.016182 0.075917
6 0.519180 0.601903 0.009891 0.045954
5 0.265138 0.616407 0.035964 0.031963
5 0.365974 0.654153 0.080031 0.121269
7 0.406643 0.506926 0.003464 0.018204
5 0.397424 0.612361 0.015255 0.043426
5 0.416828 0.598838 0.013115 0.015269
4 0.600846 0.490903 0.054380 0.112787
6 0.625745 0.620787 0.020969 0.098056
6 0.168664 0.622806 0.008318 0.050352
6 0.790430 0.615264 0.033401 0.140861