6 0.635711 0.639648 0.032641 0.132352
6 0.675359 0.625981 0.033719 0.148167
6 0.171495 0.617903 0.011083 0.041343
6 0.716234 0.630301 0.029656 0.128991
6 0.731544 0.626315 0.023734 0.121796
6 0.196128 0.615042 0.008432 0.034139
6 0.186214 0.616708 0.007646 0.035250
6 0.440083 0.596370 0.005854 0.017574
5 0.474568 0.663866 0.109625 0.141065
5 0.367107 0.648241 0.044745 0.126778
4 0.449818 0.534569 0.008563 0.016769
7 0.449799 0.556681 0.008672 0.013972
7 0.378047 0.466352 0.005781 0.029222
6 0.578797 0.605120 0.016458 0.076722
6 0.486682 0.588208 0.011240 0.015824
6 0.480971 0.582236 0.008297 0.019417
6 0.470974 0.588625 0.008063 0.012250
6 0.458057 0.587236 0.007802 0.016194
5 0.295747 0.721736 0.178516 0.258528