6 0.542922 0.617106 0.010865 0.079250
6 0.560240 0.614111 0.014438 0.093241
6 0.582914 0.609282 0.015172 0.069602
6 0.649008 0.614333 0.027839 0.111056
6 0.786344 0.626185 0.032365 0.160537
5 0.428547 0.611611 0.043156 0.039963
5 0.398159 0.609634 0.022026 0.033120
7 0.377560 0.466389 0.004880 0.028722
6 0.520448 0.578125 0.008604 0.023935
6 0.509953 0.603787 0.009740 0.057278
6 0.479049 0.605120 0.005995 0.035963
6 0.473333 0.604454 0.008052 0.041963
6 0.464906 0.606949 0.008427 0.050954
6 0.203625 0.616722 0.007802 0.033537
6 0.131299 0.627028 0.013297 0.053611
6 0.455977 0.606352 0.011276 0.055111
5 0.371745 0.655130 0.035604 0.131778
5 0.290107 0.728532 0.188484 0.275435
7 0.449930 0.560199 0.009432 0.020620
6 0.531589 0.627097 0.023417 0.122546
4 0.450578 0.534764 0.009427 0.015991
6 0.550599 0.625931 0.020229 0.099565