5 0.366320 0.639912 0.041172 0.109102
6 0.200263 0.617245 0.009536 0.039120
6 0.191971 0.609958 0.006724 0.036620
6 0.215875 0.609630 0.005854 0.029685
6 0.220068 0.606931 0.004333 0.028324
6 0.225216 0.609148 0.006609 0.029296
6 0.246518 0.608278 0.005203 0.029481
6 0.250583 0.603366 0.003792 0.024287
6 0.254323 0.603560 0.003469 0.021972
6 0.521133 0.604102 0.012589 0.056741
6 0.460227 0.604907 0.012120 0.050370
6 0.441115 0.605301 0.011687 0.044750
6 0.468760 0.599704 0.006292 0.039963
6 0.474940 0.602306 0.006068 0.033167
6 0.415737 0.595431 0.005807 0.026306
5 0.315362 0.683898 0.130120 0.186444
5 0.387919 0.602361 0.016547 0.022481
4 0.446492 0.534667 0.008349 0.014648
7 0.445427 0.558889 0.003510 0.018500
7 0.378409 0.471407 0.004880 0.026500
6 0.874677 0.641778 0.050104 0.227870
6 0.861083 0.643366 0.060979 0.176083
6 0.823602 0.662352 0.061370 0.211296
6 0.675034 0.606769 0.033016 0.120833
6 0.648036 0.617125 0.028740 0.109787