6 0.231948 0.611593 0.006073 0.027944
6 0.768320 0.636722 0.046141 0.169037
6 0.721883 0.641306 0.031693 0.153444
6 0.747729 0.632514 0.024052 0.135065
6 0.621563 0.616611 0.013490 0.097500
6 0.644490 0.609815 0.022927 0.103093
6 0.526484 0.605181 0.011240 0.055546
6 0.054932 0.635755 0.012365 0.072269
6 0.475073 0.599699 0.007417 0.038157
6 0.460112 0.604685 0.009755 0.039333
6 0.450487 0.603981 0.007672 0.037463
6 0.257638 0.610440 0.004984 0.028324
6 0.263654 0.609574 0.006828 0.029296
6 0.278125 0.608417 0.005635 0.030056
6 0.282299 0.608032 0.003359 0.027750
5 0.351333 0.658111 0.082271 0.123722
5 0.388232 0.629028 0.019359 0.074648
5 0.404935 0.602667 0.014672 0.019148
5 0.147724 0.639796 0.072427 0.056333
7 0.395362 0.488958 0.004161 0.025435