6 0.727451 0.616806 0.034599 0.142130
4 0.450198 0.534667 0.009323 0.015796
7 0.450177 0.556847 0.009646 0.013528
7 0.377732 0.466111 0.005151 0.028426
5 0.404156 0.619847 0.036125 0.056102
5 0.371104 0.653171 0.038031 0.133306
5 0.291224 0.730023 0.188490 0.274435
6 0.152438 0.621231 0.013656 0.050407
6 0.463935 0.605389 0.006828 0.045481
6 0.457536 0.604620 0.008781 0.049722
6 0.553130 0.600389 0.014427 0.073593
6 0.537865 0.605884 0.013865 0.067269
6 0.519883 0.620037 0.018359 0.081593
6 0.498247 0.616375 0.017047 0.088917
6 0.576471 0.623880 0.017307 0.091111
6 0.628953 0.619009 0.022104 0.093907
6 0.648781 0.616227 0.021042 0.091491
6 0.783432 0.615079 0.039167 0.144435