6 0.513318 0.604444 0.010406 0.055037
7 0.377677 0.466435 0.005417 0.029389
8 0.405049 0.564236 0.003661 0.009287
4 0.450216 0.534593 0.008786 0.015426
6 0.490552 0.605301 0.011083 0.060769
6 0.477672 0.608495 0.010615 0.064935
6 0.464719 0.608773 0.014365 0.068824
6 0.440680 0.602111 0.006245 0.028296
6 0.401576 0.600421 0.005151 0.026917
6 0.050206 0.634949 0.018880 0.073843
6 0.772820 0.662745 0.055016 0.206231
6 0.542648 0.603861 0.014703 0.067759
5 0.387169 0.606218 0.015922 0.022639
5 0.356729 0.653514 0.066031 0.131194
5 0.292237 0.730806 0.190734 0.281426
5 0.175615 0.634370 0.081656 0.062648
6 0.522940 0.603519 0.007547 0.052722
7 0.448747 0.560630 0.006589 0.021000