4 0.633432 0.493130 0.020906 0.063537
6 0.963906 0.644884 0.070552 0.223361
6 0.497937 0.614931 0.010719 0.053861
6 0.485820 0.609130 0.011651 0.070426
6 0.475568 0.613690 0.014448 0.072917
6 0.558068 0.621977 0.021906 0.089491
6 0.582302 0.617829 0.021906 0.092806
6 0.745437 0.643949 0.033094 0.183083
6 0.720500 0.647250 0.043813 0.188093
6 0.025799 0.640741 0.015536 0.073889
5 0.325263 0.608583 0.015922 0.022315
5 0.313932 0.605417 0.010490 0.015315
5 0.295388 0.608917 0.026224 0.020981
5 0.363880 0.657028 0.079948 0.124870
5 0.212951 0.626528 0.028807 0.037981
5 0.158638 0.633898 0.049849 0.046611
3 0.242940 0.583815 0.006724 0.013130