5 0.343992 0.609315 0.015734 0.030296
5 0.279201 0.610546 0.029818 0.022759
6 0.621625 0.622801 0.024854 0.108380
6 0.986656 0.680796 0.026688 0.323593
5 0.322643 0.609713 0.016109 0.022981
5 0.370969 0.655532 0.075417 0.112787
5 0.190164 0.634009 0.043370 0.044889
5 0.135010 0.637634 0.057615 0.051787
6 0.521099 0.618542 0.013302 0.062269
6 0.508081 0.614380 0.011234 0.075926
6 0.494969 0.618542 0.018729 0.084250
6 0.594049 0.629764 0.021745 0.102880
3 0.233216 0.583713 0.007589 0.010981
4 0.779354 0.437444 0.034312 0.097241