5 0.049464 0.665685 0.098677 0.102852
7 0.377812 0.466542 0.005604 0.029231
7 0.449505 0.560019 0.004958 0.020407
4 0.450138 0.535338 0.008578 0.016194
8 0.404911 0.564153 0.004427 0.009639
6 0.161940 0.621181 0.011005 0.043157
6 0.758628 0.628190 0.039151 0.159917
6 0.497310 0.610546 0.012922 0.079259
6 0.511247 0.610315 0.013109 0.072926
6 0.524172 0.602153 0.013865 0.061269
6 0.476518 0.603755 0.009859 0.053769
6 0.466187 0.606352 0.009542 0.049333
5 0.292904 0.732509 0.191849 0.285370
5 0.374750 0.652620 0.031073 0.130500
5 0.387661 0.606259 0.015958 0.021574