6 0.280760 0.617264 0.007021 0.030806
6 0.041547 0.651301 0.014021 0.071935
6 0.062315 0.649861 0.021578 0.069056
6 0.165781 0.631634 0.008271 0.044954
6 0.190799 0.625764 0.006766 0.039306
6 0.197497 0.627495 0.006370 0.034917
6 0.549320 0.623681 0.015964 0.080713
6 0.569661 0.630875 0.011688 0.065528
6 0.577185 0.633093 0.008328 0.081963
6 0.498542 0.617991 0.008542 0.048278
6 0.269289 0.617676 0.007182 0.036074
6 0.502766 0.615750 0.008323 0.054574
6 0.484974 0.622833 0.011385 0.060704
6 0.798276 0.649477 0.033448 0.143380
6 0.762133 0.650199 0.030214 0.134269
6 0.009984 0.654421 0.019969 0.102139
5 0.403260 0.625866 0.011021 0.040139
5 0.394435 0.618870 0.010536 0.033759
5 0.856245 0.620565 0.091729 0.070574
5 0.628604 0.675241 0.106271 0.172019
4 0.966437 0.234264 0.056969 0.120269
7 0.936654 0.380843 0.042036 0.089111
7 0.985453 0.386463 0.029094 0.139537
8 0.462427 0.545935 0.008563 0.019463
5 0.423542 0.632134 0.039490 0.048009
5 0.378867 0.621671 0.014516 0.045231
5 0.339961 0.668935 0.089984 0.140981