5 0.351143 0.636676 0.059880 0.093019
6 0.468167 0.607218 0.006375 0.042546
6 0.460750 0.609991 0.005854 0.038389
6 0.474148 0.607449 0.006370 0.039769
6 0.484620 0.602014 0.007281 0.046935
5 0.222654 0.624417 0.035516 0.038389
5 0.387271 0.608213 0.015219 0.023593
6 0.113187 0.631593 0.011063 0.051796
4 0.450177 0.536477 0.009708 0.016602
8 0.404841 0.565926 0.004828 0.009259
7 0.377823 0.468083 0.005635 0.028333
7 0.449943 0.562921 0.003917 0.019806
5 0.735589 0.785671 0.440698 0.426806
5 0.301573 0.713426 0.160333 0.237037
6 0.766505 0.573167 0.023771 0.058000
6 0.570615 0.603412 0.021229 0.078713
6 0.586229 0.598625 0.013260 0.056343