6 0.550510 0.617250 0.016406 0.091111
5 0.292445 0.731546 0.192266 0.280352
5 0.372802 0.653505 0.032635 0.128028
5 0.387185 0.606384 0.015922 0.022750
6 0.136359 0.627199 0.010677 0.047287
6 0.497406 0.601417 0.009521 0.048833
8 0.404904 0.564759 0.004328 0.010481
4 0.450289 0.535204 0.008880 0.015926
7 0.377875 0.466352 0.005531 0.029870
7 0.449701 0.560736 0.003536 0.020343
6 0.486393 0.603403 0.006547 0.040417
6 0.479203 0.604204 0.007073 0.040685
6 0.467573 0.602278 0.007000 0.046407
6 0.460047 0.607083 0.008958 0.043500
6 0.761456 0.627556 0.031849 0.161574
6 0.533992 0.616847 0.015734 0.098306