5 0.128953 0.781310 0.255156 0.288657
5 0.800474 0.815833 0.399052 0.368333
5 0.474542 0.607056 0.080167 0.084519
5 0.402065 0.646417 0.059193 0.096944
5 0.368737 0.609546 0.016776 0.029833
5 0.362443 0.623630 0.023771 0.043093
5 0.351026 0.631088 0.028896 0.046398
5 0.325857 0.649319 0.052203 0.072917
5 0.276451 0.679148 0.098807 0.120981
6 0.563378 0.627856 0.013516 0.089491
4 0.507271 0.528949 0.015073 0.030935
6 0.249930 0.671356 0.032630 0.131750
6 0.211245 0.633657 0.020510 0.062981
6 0.531685 0.625787 0.019109 0.085352
6 0.548698 0.628685 0.018646 0.091148