5 0.369622 0.633574 0.031693 0.058833
5 0.322083 0.638880 0.091354 0.101093
6 0.600490 0.628944 0.022656 0.104148
5 0.415768 0.644759 0.063391 0.107722
6 0.520781 0.608815 0.006760 0.043704
6 0.514279 0.610199 0.008328 0.043250
6 0.538951 0.618005 0.012172 0.085250
6 0.534924 0.625000 0.013859 0.080593
6 0.573753 0.610778 0.013484 0.070926
6 0.556047 0.618106 0.016677 0.083583
6 0.586247 0.633551 0.010359 0.074231
6 0.579289 0.642181 0.014568 0.077676
5 0.483815 0.623630 0.033557 0.048889
6 0.886505 0.760454 0.113427 0.474889
5 0.107206 0.825106 0.212630 0.349787