6 0.595102 0.648759 0.017286 0.087278
5 0.486315 0.598782 0.039109 0.037565
5 0.485755 0.629995 0.036354 0.056676
5 0.414440 0.642921 0.064880 0.106398
5 0.358513 0.639440 0.044745 0.067620
5 0.297935 0.656444 0.118016 0.131259
6 0.567198 0.622148 0.015375 0.090630
6 0.586622 0.619745 0.015922 0.092546
6 0.602807 0.640616 0.010531 0.087287
6 0.621956 0.635815 0.021307 0.113167
6 0.524310 0.612315 0.006203 0.050833
6 0.516490 0.611356 0.007823 0.050824
6 0.546969 0.620708 0.016990 0.101176
6 0.552174 0.628713 0.014568 0.094944