8 0.266437 0.532005 0.013063 0.029583
5 0.099987 0.797144 0.198089 0.387787
5 0.190583 0.693736 0.160219 0.184713
5 0.324979 0.625167 0.069323 0.084870
5 0.349930 0.613657 0.046932 0.067611
5 0.408760 0.617880 0.038573 0.063778
5 0.438607 0.597324 0.020047 0.021315
6 0.242227 0.615144 0.012943 0.038843
6 0.257063 0.625218 0.013490 0.056102
6 0.269604 0.630491 0.009979 0.068574
8 0.411070 0.561542 0.004859 0.011713
4 0.489482 0.524296 0.016349 0.028259
4 0.774414 0.346046 0.072214 0.116981
4 0.772010 0.191255 0.107531 0.181176