5 0.799953 0.843352 0.400094 0.313296
5 0.049438 0.868148 0.098875 0.259796
5 0.116271 0.749593 0.231958 0.224741
5 0.580849 0.758662 0.249677 0.279213
6 0.190870 0.614329 0.018073 0.046028
5 0.385615 0.632926 0.022292 0.050944
5 0.374844 0.625616 0.022104 0.038269
5 0.412138 0.647176 0.061141 0.081519
5 0.270440 0.655616 0.034526 0.077676
6 0.927333 0.609907 0.088375 0.166056
6 0.983802 0.602449 0.032396 0.161083
5 0.314641 0.621403 0.011240 0.033639
5 0.340117 0.609917 0.011234 0.015981
5 0.229846 0.670005 0.081724 0.105491
5 0.306589 0.628394 0.014615 0.042954
5 0.295258 0.635718 0.018880 0.057065
5 0.284872 0.641468 0.018609 0.057065