5 0.309404 0.629699 0.019578 0.053694
5 0.293461 0.635167 0.021255 0.064630
4 0.315302 0.579880 0.005729 0.008519
4 0.266753 0.563551 0.011849 0.021602
4 0.636643 0.426125 0.057724 0.091157
4 0.635516 0.513556 0.044500 0.083704
4 0.370003 0.567810 0.006839 0.010565
5 0.051648 0.845963 0.103297 0.293333
5 0.118396 0.725153 0.233792 0.220750
5 0.329745 0.599264 0.016042 0.032954
5 0.226625 0.668995 0.092292 0.130213
5 0.263539 0.642736 0.057609 0.093250
5 0.341888 0.608088 0.017672 0.023509
5 0.375727 0.607347 0.038964 0.027639