4 0.042383 0.524083 0.023307 0.083722
5 0.447714 0.647190 0.035927 0.073083
5 0.439607 0.625056 0.021714 0.043778
5 0.412917 0.612662 0.018125 0.025898
5 0.381685 0.611227 0.019745 0.035676
5 0.375534 0.616116 0.014568 0.030491
5 0.359352 0.626185 0.024276 0.049481
5 0.309469 0.617782 0.079625 0.132917
5 0.528823 0.680407 0.107948 0.134241
4 0.047779 0.423241 0.069589 0.109815
8 0.672745 0.440301 0.027625 0.072157
8 0.313617 0.543505 0.008349 0.020213
5 0.470867 0.661306 0.048578 0.087426
4 0.672187 0.365620 0.044021 0.074593