4 0.282797 0.547176 0.022292 0.037685
8 0.522984 0.532106 0.012063 0.030065
8 0.347719 0.564454 0.006562 0.014444
4 0.522469 0.499727 0.021031 0.033528
5 0.351464 0.615778 0.044188 0.080537
5 0.379323 0.623602 0.014385 0.035167
5 0.832995 0.790259 0.334010 0.419481
5 0.467211 0.642380 0.044776 0.058019
5 0.414156 0.617995 0.017562 0.023583
5 0.392172 0.618014 0.011969 0.024046
5 0.419099 0.611185 0.011448 0.018704
5 0.444021 0.638454 0.020187 0.048389
5 0.439987 0.633042 0.023047 0.041639
6 0.109911 0.679079 0.057990 0.199028