7 0.112443 0.527028 0.010573 0.056130
7 0.449789 0.505481 0.008318 0.048000
3 0.113930 0.451602 0.029807 0.048389
3 0.449193 0.442810 0.023219 0.040898
6 0.147794 0.637153 0.008359 0.052269
5 0.219070 0.675921 0.109057 0.115324
6 0.141052 0.642199 0.009979 0.052731
6 0.128911 0.640755 0.012135 0.056583
6 0.049208 0.644574 0.012406 0.084370
6 0.062208 0.644060 0.017531 0.086306
5 0.350792 0.694329 0.108510 0.154120
5 0.393018 0.644111 0.074380 0.077556
6 0.179081 0.628523 0.011599 0.038843
6 0.280690 0.633792 0.008318 0.045157
6 0.295753 0.631593 0.008318 0.043963
6 0.155214 0.639551 0.007552 0.051306
6 0.490406 0.618685 0.006073 0.043556
6 0.473099 0.626676 0.018208 0.089907
6 0.477143 0.638264 0.014161 0.076324
6 0.495240 0.619088 0.004948 0.039565