5 0.235052 0.623296 0.063115 0.032130
6 0.432484 0.613458 0.006083 0.024139
6 0.177518 0.616926 0.005391 0.029167
6 0.170320 0.624315 0.007203 0.041556
6 0.159648 0.626722 0.009214 0.044741
6 0.262154 0.609773 0.004214 0.010269
6 0.275188 0.622954 0.008740 0.039407
6 0.287237 0.624282 0.006245 0.039676
5 0.209966 0.677005 0.112745 0.112694
5 0.356385 0.738713 0.170031 0.257056
5 0.416674 0.618704 0.026224 0.021648
3 0.193180 0.500389 0.018630 0.030556
3 0.414016 0.488319 0.016427 0.028935
7 0.414010 0.531167 0.006042 0.032500
7 0.193060 0.549611 0.006901 0.036000