3 0.192693 0.500162 0.018542 0.029917
3 0.413672 0.488083 0.016427 0.028130
7 0.193208 0.549083 0.006146 0.035463
7 0.413974 0.531551 0.005312 0.033583
5 0.330740 0.619718 0.067271 0.036657
5 0.161292 0.642356 0.019740 0.033954
5 0.358294 0.738991 0.167109 0.257759
5 0.210263 0.674926 0.112641 0.111630
6 0.154826 0.614343 0.005620 0.023315
6 0.182174 0.616176 0.005995 0.020315
6 0.199503 0.609347 0.007307 0.015324
6 0.206992 0.611181 0.006557 0.010324
6 0.213174 0.611347 0.004682 0.009324
6 0.218232 0.610347 0.004307 0.013324
6 0.223740 0.607880 0.007115 0.016648
6 0.422167 0.613773 0.011240 0.045157
6 0.293120 0.626528 0.008052 0.038963
6 0.286844 0.625181 0.007125 0.034269