6 0.478448 0.614611 0.013490 0.085907
5 0.313781 0.585940 0.017792 0.031972
5 0.370536 0.588435 0.011427 0.018981
6 0.457117 0.619528 0.015964 0.101500
6 0.446664 0.622125 0.009443 0.060343
6 0.437112 0.598944 0.011464 0.038759
5 0.018430 0.641565 0.029672 0.022056
5 0.032323 0.641088 0.028865 0.025898
5 0.093969 0.614931 0.036865 0.015991
5 0.289034 0.604028 0.018734 0.023870
6 0.469591 0.618324 0.009891 0.080722
5 0.395344 0.706838 0.132042 0.196139
5 0.068682 0.639787 0.040906 0.023574
5 0.121122 0.638819 0.063609 0.045972
5 0.258049 0.608606 0.023724 0.024417
5 0.272018 0.600560 0.015297 0.026917
4 0.416234 0.523208 0.009333 0.017694
7 0.416245 0.548949 0.005615 0.026880
7 0.375378 0.453352 0.006589 0.032833