5 0.298883 0.597949 0.006089 0.016935
6 0.501440 0.649481 0.036953 0.176944
6 0.536906 0.662190 0.023198 0.146731
6 0.564042 0.651731 0.040458 0.198519
5 0.321646 0.588574 0.006896 0.009019
5 0.284133 0.594204 0.023099 0.037741
5 0.275625 0.607940 0.019792 0.023583
5 0.257362 0.605718 0.015453 0.024694
5 0.243938 0.613069 0.023260 0.026083
5 0.148576 0.646315 0.094672 0.061852
5 0.312734 0.592278 0.006500 0.010870
5 0.410674 0.599333 0.057943 0.039130
4 0.536896 0.512579 0.003958 0.016806
4 0.446784 0.560856 0.008703 0.017602
2 0.463359 0.540833 0.004427 0.013889
7 0.405542 0.549569 0.005573 0.027194
7 0.364154 0.454060 0.007464 0.033843
4 0.404971 0.524014 0.009828 0.016806
6 0.433063 0.608481 0.009708 0.058500
6 0.424013 0.604162 0.010005 0.034528
5 0.058620 0.648231 0.065812 0.026370
5 0.009997 0.648856 0.019995 0.034528
5 0.385695 0.717389 0.139828 0.202556
5 0.305060 0.593435 0.009370 0.013185