5 0.155964 0.635782 0.096302 0.084917
6 0.531279 0.632801 0.030297 0.157435
6 0.520794 0.643852 0.018641 0.122907
6 0.507198 0.647648 0.018646 0.120833
6 0.480789 0.639019 0.020974 0.133963
6 0.435031 0.609546 0.010865 0.058611
6 0.424521 0.601389 0.011990 0.035296
5 0.056948 0.645741 0.060958 0.027333
5 0.383419 0.716769 0.136568 0.200519
5 0.243948 0.611750 0.022635 0.023130
5 0.257711 0.605343 0.015870 0.024981
5 0.274815 0.607889 0.018859 0.023130
5 0.285221 0.591931 0.023286 0.031917
5 0.300573 0.595981 0.006635 0.012259
5 0.307987 0.592509 0.010016 0.013185
5 0.316182 0.590773 0.007677 0.011565
5 0.305698 0.619801 0.071000 0.038620
4 0.536427 0.512773 0.004146 0.015898
4 0.446549 0.561065 0.008422 0.018426
4 0.405120 0.525282 0.009823 0.017194
7 0.363669 0.454046 0.006266 0.033407
7 0.405544 0.551685 0.005130 0.023519
2 0.463229 0.541278 0.004167 0.014352