4 0.458586 0.568454 0.008214 0.016926
5 0.372505 0.595532 0.038302 0.057546
5 0.414315 0.623106 0.029130 0.041713
6 0.152570 0.628236 0.011599 0.046028
6 0.164680 0.633509 0.008089 0.039796
6 0.180862 0.634231 0.011328 0.046037
6 0.518646 0.632218 0.018073 0.080083
6 0.497607 0.620708 0.008359 0.056102
6 0.488167 0.620231 0.013219 0.058981
6 0.456203 0.616370 0.010792 0.053185
6 0.289659 0.616597 0.008745 0.029417
6 0.303315 0.614514 0.007339 0.028028
4 0.497870 0.513046 0.019594 0.030852
4 0.498990 0.546889 0.018104 0.032852
6 0.247482 0.616847 0.006714 0.031361
6 0.241081 0.615597 0.006089 0.027750
6 0.265901 0.614903 0.007021 0.031361
6 0.273862 0.616014 0.007026 0.033583
6 0.281432 0.612403 0.005615 0.028028
4 0.454760 0.561824 0.010260 0.031519