5 0.099253 0.637727 0.050380 0.023972
5 0.073966 0.618241 0.036526 0.015648
5 0.243844 0.612551 0.023104 0.025824
5 0.257346 0.604356 0.016703 0.029972
5 0.288807 0.591713 0.023427 0.035833
5 0.276000 0.606583 0.019667 0.022759
5 0.304096 0.593532 0.007807 0.017750
5 0.312344 0.590491 0.008208 0.011778
5 0.320437 0.589111 0.007375 0.008833
5 0.122706 0.631176 0.022328 0.017148
6 0.519898 0.624792 0.019422 0.137417
7 0.405643 0.551745 0.005401 0.025120
7 0.363669 0.453681 0.006839 0.034009
4 0.446807 0.560889 0.008531 0.018630
4 0.405458 0.524361 0.009448 0.016407
6 0.492518 0.633079 0.014370 0.098750
6 0.478534 0.640676 0.015922 0.095981
6 0.461638 0.631005 0.017870 0.120843
6 0.443190 0.615815 0.014370 0.073889
6 0.430565 0.612361 0.014755 0.055926
5 0.385898 0.719519 0.138880 0.211333
5 0.361406 0.605157 0.068542 0.045574
5 0.031302 0.675671 0.061177 0.075380
5 0.065997 0.643713 0.048318 0.023315