4 0.553943 0.510560 0.004354 0.016806
7 0.439734 0.557264 0.003240 0.011361
5 0.095148 0.640421 0.027911 0.027639
2 0.471323 0.540389 0.004865 0.013759
7 0.412146 0.552065 0.005490 0.028481
6 0.434820 0.611495 0.009443 0.045157
5 0.066117 0.620935 0.036901 0.018648
5 0.312490 0.594894 0.005646 0.013380
5 0.038956 0.651856 0.070620 0.029269
5 0.075667 0.644745 0.041771 0.025639
6 0.442461 0.611495 0.008089 0.045954
5 0.307518 0.597699 0.006401 0.014991
5 0.300602 0.599977 0.009255 0.017269
5 0.296880 0.602880 0.005823 0.018981
5 0.282794 0.595681 0.025557 0.039139
5 0.271956 0.610935 0.019422 0.027037
7 0.365911 0.442477 0.007646 0.039398
5 0.372047 0.691250 0.097323 0.146167
5 0.254479 0.608060 0.021365 0.029343
5 0.141969 0.644542 0.065708 0.058694
5 0.210620 0.620144 0.036573 0.050065
4 0.412021 0.521370 0.010500 0.020667