5 0.385159 0.713315 0.139828 0.208537
4 0.446737 0.561829 0.008474 0.018139
4 0.536685 0.512546 0.004276 0.016000
2 0.463177 0.541111 0.005000 0.014630
4 0.405365 0.524370 0.009438 0.017111
7 0.405833 0.551347 0.005104 0.026398
7 0.363854 0.454250 0.006625 0.034000
5 0.051112 0.645208 0.053005 0.027306
5 0.357964 0.585977 0.006896 0.008991
5 0.333732 0.586903 0.005245 0.005991
5 0.243125 0.610546 0.022292 0.022648
5 0.257680 0.605384 0.015734 0.024972
5 0.274820 0.607551 0.020047 0.023306
5 0.284654 0.594231 0.022849 0.036630
5 0.298328 0.599556 0.004125 0.017981
5 0.302826 0.595727 0.004870 0.014991
5 0.307883 0.595565 0.005245 0.015315
5 0.320711 0.588736 0.003557 0.012324
5 0.312659 0.592065 0.005807 0.012315
5 0.316404 0.588736 0.003932 0.012324
5 0.106693 0.653931 0.096510 0.080657