5 0.243521 0.612514 0.023604 0.025972
7 0.363646 0.453870 0.006625 0.034333
4 0.405383 0.524417 0.009453 0.017333
2 0.463359 0.541435 0.004427 0.015648
4 0.446701 0.561120 0.008099 0.017741
4 0.537047 0.513079 0.004125 0.017602
7 0.405813 0.551111 0.005000 0.024889
5 0.388547 0.715611 0.140385 0.207815
5 0.369469 0.598412 0.017229 0.016269
5 0.361937 0.587370 0.008990 0.014315
5 0.118438 0.637843 0.121958 0.106333
5 0.013927 0.642861 0.024542 0.025407
5 0.005807 0.649528 0.009708 0.021093
5 0.043974 0.645449 0.035875 0.025417
5 0.258318 0.605352 0.015365 0.022315
5 0.275081 0.607185 0.017797 0.024648
5 0.284167 0.595028 0.022854 0.035630
5 0.299023 0.597861 0.004839 0.018315
5 0.303159 0.595644 0.004995 0.013880
5 0.308466 0.594676 0.006557 0.014148
5 0.312992 0.592037 0.004682 0.012759
5 0.316820 0.590653 0.003901 0.011657
5 0.320643 0.588986 0.004057 0.011102
5 0.324461 0.587731 0.003891 0.009722
5 0.328057 0.585931 0.004531 0.008880
5 0.334378 0.587736 0.004057 0.005824
5 0.342732 0.587731 0.003901 0.005833