2 0.463221 0.540708 0.004141 0.014565
5 0.357812 0.586190 0.006250 0.009231
5 0.332826 0.587778 0.004224 0.006167
5 0.323669 0.586917 0.004495 0.010389
5 0.319958 0.588519 0.003375 0.009593
5 0.315576 0.589917 0.004047 0.012389
5 0.311867 0.592713 0.004724 0.013981
5 0.307260 0.595306 0.005396 0.015185
5 0.302201 0.596106 0.005620 0.016787
5 0.297370 0.598306 0.004948 0.018778
5 0.258146 0.606296 0.015958 0.028370
5 0.243547 0.611000 0.022906 0.024407
5 0.385477 0.716306 0.138943 0.208815
5 0.065128 0.663889 0.112318 0.087222
5 0.283995 0.593912 0.023604 0.037157
5 0.275005 0.606694 0.019104 0.022778
7 0.363909 0.454148 0.006297 0.033870
7 0.405323 0.551769 0.005500 0.024667
4 0.405232 0.524880 0.009901 0.018000
4 0.536763 0.512912 0.004682 0.017120