6 0.633667 0.684454 0.034958 0.218759
6 0.599872 0.694889 0.061526 0.285870
6 0.433604 0.609347 0.010677 0.050620
5 0.005990 0.648375 0.011875 0.029731
5 0.309432 0.593500 0.006396 0.012722
5 0.058081 0.644722 0.065005 0.024444
5 0.091258 0.639412 0.035339 0.019657
5 0.164760 0.635333 0.115448 0.086315
5 0.074927 0.619014 0.035042 0.017287
5 0.385378 0.716356 0.137964 0.206324
5 0.343807 0.610972 0.067698 0.047000
2 0.463307 0.541157 0.004740 0.014907
4 0.536776 0.512815 0.004115 0.015926
4 0.446865 0.561315 0.008438 0.019222
4 0.404820 0.524681 0.009828 0.016806
7 0.405542 0.551222 0.005208 0.026481
7 0.363802 0.453815 0.006687 0.033778
5 0.299081 0.598898 0.005422 0.018500
5 0.284383 0.592259 0.024151 0.035630
5 0.275313 0.606940 0.020292 0.023861
5 0.257513 0.604435 0.015286 0.024426
5 0.243003 0.611935 0.023099 0.026648
5 0.380682 0.597639 0.019365 0.016944
5 0.316503 0.590764 0.008089 0.011157
5 0.016544 0.644204 0.018609 0.021574
5 0.303362 0.595329 0.007693 0.014843
6 0.780659 0.712009 0.126182 0.399722
6 0.678326 0.707755 0.050339 0.239639