7 0.406016 0.555477 0.004208 0.023620
5 0.004576 0.646259 0.008995 0.022370
5 0.014128 0.644657 0.020005 0.024778
5 0.056727 0.646458 0.063839 0.021972
5 0.120060 0.631861 0.027161 0.021315
7 0.363539 0.455171 0.006224 0.035713
4 0.537372 0.513810 0.005443 0.016583
4 0.446742 0.562194 0.008422 0.017093
4 0.405388 0.525583 0.009505 0.017093
5 0.099320 0.640250 0.051922 0.021611
5 0.073930 0.620065 0.038911 0.016426
2 0.463268 0.542148 0.004589 0.013926
5 0.385003 0.720912 0.134234 0.200528
5 0.275000 0.608245 0.019687 0.021102
5 0.283253 0.593134 0.025359 0.039806
5 0.229979 0.617593 0.027781 0.028296
5 0.249672 0.609199 0.021312 0.029731
5 0.301997 0.597931 0.006203 0.016787
5 0.297279 0.598889 0.005391 0.018704