4 0.536602 0.513157 0.004589 0.018722
7 0.405427 0.551778 0.005437 0.025222
5 0.073716 0.618926 0.040234 0.017185
5 0.275026 0.608352 0.019479 0.021981
5 0.256294 0.606384 0.016109 0.026639
5 0.242940 0.612213 0.023786 0.024648
5 0.018086 0.673819 0.036172 0.087694
6 0.070456 0.627120 0.004495 0.014389
5 0.386141 0.715412 0.143740 0.199861
5 0.298451 0.598912 0.004682 0.017806
5 0.302055 0.595954 0.006109 0.015037
5 0.308102 0.594338 0.005724 0.014565
5 0.312979 0.591907 0.005333 0.013407
5 0.316625 0.590060 0.003510 0.011102
7 0.363833 0.453880 0.006896 0.033333
5 0.059112 0.645278 0.064068 0.025926
5 0.284112 0.594565 0.023786 0.035630
4 0.405174 0.525296 0.009224 0.016537
4 0.446714 0.561352 0.008500 0.018444